# Created by Octave 4.0.3, Tue Feb 14 23:50:43 2017 CET <dis@MMMarkidis>
# name: x1
# type: matrix
# rows: 1000
# columns: 3
 0.5100935684955608 -0.08382723925030937 0.3224765950751318
 0.4547665281015831 -0.06143585084602132 0.3216576576576576
 0.3737050219398444 -0.04293993994985698 0.3730799271023172
 0.2965646456285139 -0.03187965073234379 0.5205068927134172
 0.2583428888595331 -0.06674781935340726 0.4137244251312693
 -0.01756292030968327 0.251257288512 0.0477026631548142
 -0.1321445157704227 0.4190094896410671 -0.06519201228878646
 -0.1796766201709998 0.4185686989670937 -0.1761292996270203
 0.158113421436125 0.2110997373541135 -0.2840869865377977
 0.2389746090520174 0.09603238919312551 0.140379403794038
 0.3185074261762961 -0.1079572539250182 0.4306049822064058
 0.0567975670764379 0.1115756651012691 0.3915597464832277
 0.1155214062711411 0.07832206035238375 0.3685709200925432
 0.04995930210442265 0.1373468602408715 0.1639741518578352
 0.2061563068133551 0.09408475747186676 0.05810915766433666
 0.3139424959175282 -0.02742162898271803 0.4017940437746681
 0.3582813646137982 -0.06329143941008213 0.5306739196131762
 0.2256708579657073 0.07588405496125189 0.3202297177060584
 0.001400508715141829 0.3419241991682146 0.0113534264477661
 0.01968000523737056 0.3774982822804715 -0.0327764082899662
 -0.01009195867284736 0.2271642772963566 0.0991915422885572
 0.1892589765738334 0.09571718355458245 -0.1367673179396092
 0.07893892519002105 0.3249900655936334 -0.2457740484008269
 0.08306350498615392 0.2642126382006386 0.04906204906204906
 0.5790538603952728 -0.0666371506010433 0.2607879924953096
 0.1139419665989173 0.3360500397387425 0.03622722400857452
 0.3608406879853949 -0.001745065121906801 0.5852133301670228
 0.4104722111123044 0.03939516577238834 0.5123216601815823
 0.1421111212023808 0.2745373398471584 0.1020737513112241
 -0.01928993959014587 0.3392368686542895 0.09192124915139174
 0.04004930776878265 0.2923830966009975 0.05377563557319726
 0.1605933476896752 0.1858882705858512 0.3357348703170029
 0.09599959800252503 0.06649972153299913 0.3643600734843845
 0.2632690751256066 0.03130233058439628 0.4355663169222491
 0.4501780246683402 -0.06714423653014262 0.4526948878093917
 0.1216263792647297 0.1771388946819122 0.3714195782184451
 0.5362266485346683 -0.0275193546582316 0.4463350785340314
 0.3191030681099868 0.07690535585814347 0.5245423189174847
 0.2728706190147064 0.05499717902621989 0.495336787564767
 0.1020886582040397 0.2475649961447964 0.2247981245115915
 0.009916050113392166 0.3082990126163757 0.2345201950501427
 0.3218307691247971 0.2868167734098307 0.02189781021897816
 0.3715697331175002 0.1215176552083843 -0.01979166666666662
 0.1855810544366807 0.1837792966266158 -0.04450165502022803
 0.5801978288246115 0.03481186972947668 0.0430663221360896
 -0.1491785942838663 0.365164905091805 0.07763830776383081
 0.3797722192309712 0.09884482418340346 0.4142633579253297
 0.4803941225934157 0.103709633686232 0.3384310393656188
 0.339592341400908 0.04108821504023396 0.3949820788530467
 0.05446030155076265 0.2935145091069192 0.1156632525605796
 -0.3543149068154799 0.4501152221773537 -0.04343931930138827
 0.05417359118590788 0.1099691461797772 0.2763872334790094
 0.3180820342926661 0.08968235855310464 0.43210852100619
 0.4452770857769003 -0.007452336163630113 0.223426506940483
 0.213350809381734 0.0343788034074832 0.1075335397316822
 0.2959008927005519 0.004747073144928643 -0.06718346253229973
 0.1509920404367393 0.2854604236181373 -0.2188881135147708
 -0.1886122536661023 0.1176125509767348 0.2322621298046629
 -0.2045161531925964 0.248421044787064 0.2479195244627344
 0.03865713900852509 0.2518133260648783 0.2330383480825959
 0.1658380718534249 0.3083359706311824 -0.05717151454363087
 0.4773296059899534 -0.09314835448356702 0.148471615720524
 -0.3639038605317472 0.3613626324554082 -0.1283328146073244
 0.003154932692920137 0.1344001327183969 -0.3209685729005667
 0.02764661109236093 0.4045620756515483 -0.02483069977426637
 0.4400162821335981 0.0406472439997853 0.3265667794425648
 -0.08013104553623909 0.2475015358095125 0.1141010420788814
 -0.2296894400502889 0.2417951248240905 0.04747041227727927
 0.05654006863668561 -0.0194265876854253 0.4048295454545455
 0.5685345218680052 -0.02815505451474917 0.1159507965315588
 0.3475713047760698 -0.0194504623110696 0.4303469704816157
 -0.2425845426599863 0.3242649076568931 0.277422589946095
 -0.06017265052188454 0.4489805462017541 -0.218442932728647
 0.2479507999434932 0.2125292570944228 0.2181372549019608
 0.1147660014858855 0.2224264156377481 0.2158931082981715
 0.3916996287073088 0.02216081661312475 0.2409822582540242
 0.005825460765751467 0.154491219507729 0.2834855403348555
 -0.04699441693859176 0.2048152395986755 0.3667795219041756
 -0.3092422479079411 0.2741562234017896 0.3030095238095238
 -0.1877545296969285 0.264642117815882 0.2316727420008101
 -0.350604430380029 0.3680722667690696 0.0423797881010595
 -0.2919741844726597 0.416253158904331 0.04863188213138366
 0.04344251931266208 -0.05309641249325366 0.3833560709413369
 0.04444031206156446 -0.1890596326686894 0.08364083640836412
 -0.09755279622783042 -0.1341350948132667 -0.01306782825140007
 0.03056665846539852 -0.02469786004004204 0.4533293401217929
 -0.1565169164717686 -0.06213247290242933 0.6200987510891665
 -0.2653968065248016 0.2899530946730039 0.08656256024677081
 -0.4855503981664744 0.4549400943990127 -0.1677986054514172
 -0.4584488035769601 0.3270415780750295 0.001808318264014452
 -0.3101308648126192 0.2528201318998778 -0.2741003998223012
 -0.1175536372094605 0.001822537010999381 0.4866071428571428
 -0.3282380406086581 0.1657227892323844 0.2701876909646443
 -0.4049550497341128 0.2359777322903776 0.3197960129809921
 -0.6126020466578103 -0.4344239401336496 -0.3198350206224222
 -0.3876339832410651 -0.07565663269397985 0.3149401353461739
 -0.2849690127879474 0.07864998427395209 0.3052568697729988
 -0.4973669401493217 -0.04922744458815809 0.09632709632709635
 -0.3461053766253365 0.2636197152073819 -0.2750853242320819
 0.414313693636469 0.02612789058968724 0.003428571428571447
 -0.478111812411304 0.2951867129611342 0.2140213368168953
 -0.5542917510731007 0.1940231566018978 0.06804123711340204
 -0.3950789907714803 0.005267719876953125 0.0225806451612903
 -0.7338580861452486 0.09676473320683249 -0.2952710495963091
 -0.3455785967523051 0.02148675212967699 0.4290935672514621
 -0.5824431952911127 0.2093925882994223 -0.0170236133992312
 -0.3640949811790858 0.2010673776660623 0.2823072656683305
 -0.3061862178478972 0.1992640465359331 0.4565217391304348
 -0.2250664246562211 0.1024405475453204 0.3667078697981047
 -0.343828158728669 0.05336578960311936 0.3657018362900716
 -0.3483891001954273 0.003875774909467083 0.1990154711673699
 -0.2260258775529542 -0.2715814807806814 0.3776824034334764
 -0.7556869053892763 0.4592397371393338 -0.2836824411688647
 -0.09452455427905812 -0.01195138042608779 0.4251497005988024
 -0.1561993459166085 -0.01549084422313471 0.5393939393939394
 -0.2052315094917793 0.04281808471411223 0.6540084388185654
 -0.2339622342251761 0.188118282924297 0.3933526944175542
 -0.3022226422123258 0.00693625736225012 0.3948220064724919
 -0.09625100031786346 -0.05107195935233572 0.6680032076984763
 0.04500374855507151 -0.06604446216523482 0.71271772846576
 -0.190124665866949 0.1311088965678607 0.3889117043121149
 -0.02943046614157414 0.053293006256364 0.386913459977269
 -0.3136393951277887 0.3255967960754735 0.2740945972689491
 -0.2804412239417714 0.2161005940099934 0.3784439685938616
 -0.2632488976475492 -0.01274994660971035 0.5174525413349663
 -0.1579422119215398 0.06465470663454845 0.4208144796380091
 -0.5159367843917937 0.3310513700975486 0.08634657182375027
 -0.5113539425544297 0.4036565407756192 0.0954328561690525
 -0.5189325028096647 0.3590553071990622 0.1119842829076621
 -0.6006611879134029 0.566979252142558 -0.1639007428481112
 -0.6386555687160311 0.5325404896062906 -0.2009626955475331
 -0.4479587941516631 0.1983499138283484 0.2635235732009926
 -0.3088574720941423 -0.01209624564337375 0.06699588477366258
 -0.415124296497939 0.3633794375296389 -0.00675611380721286
 -0.472471718923609 0.3432067291574961 0.1212424849699399
 -0.3261753334524067 0.1841350296274221 0.391321044546851
 -0.1879650909688032 0.1166423687039609 0.4764937822262664
 -0.3311251575561071 0.3655661100507987 0.3544240233001908
 -0.3521765591301622 0.3552489827648855 0.1577296958294136
 0.09108988225360032 0.1672741474111568 -0.246788370520622
 -0.4684225751129937 0.4410378707217726 0.1009120329508679
 -0.1535388972870989 0.3036991880324278 0.2343295019157088
 -0.1792651155381628 0.1456529063747573 0.4076615208690681
 -0.2493311582721927 -0.1183693377655864 0.4694632942628007
 -0.5907293350578975 0.4888794497030876 0.01039501039501042
 -0.4591782752148004 0.4163324150275039 0.2046204620462047
 -0.6236180063012264 0.4109744893985132 -0.1519198664440734
 -0.4352784284169499 0.3197012868244407 -0.2450532724505327
 -0.4715595226748365 0.3896915499882329 -0.1109625668449198
 -0.3377414092402218 0.2293875100300482 -0.1689411764705883
 -0.03298976084556465 -0.3178013628122732 0.03030303030303028
 -0.3402612983136061 0.2045048723879729 0.09476862954081183
 -0.3011541773839561 0.1444310850718973 0.1845439718981307
 -0.3452643256015431 0.1677872424267469 -0.04351447012283988
 -0.6271908854403995 0.4464057985562205 -0.1349062310949788
 -0.2862902380742367 0.2089574448108906 0.08227916531516921
 -0.07132682995940692 0.001504785442181578 0.2967194987099153
 -0.3813753191348621 0.09792069004814025 0.2816351067027352
 -0.1526315216608614 -0.3151102382675848 0.1195979899497487
 -0.2999134223508928 -0.01534989956914018 0.07640395275970116
 -0.436472863631735 0.2919899295581045 -0.04362139917695472
 -0.4585656059843217 0.3443702799804439 0.07634032634032634
 -0.4039854569088187 0.2675747831473994 -0.04846050870147256
 -0.3304999812219397 0.2101155023957357 -0.1349260523321957
 -0.3012108598942863 0.007530271497357161 0.04435660957400092
 -0.4067546991572879 0.3091734004610475 -0.03495934959349592
 -0.4378187071785429 0.4289917171144593 -0.1798198198198198
 -0.6192073618257325 0.3206873449073603 -0.09079939668174962
 -0.4800697489713945 0.3007861081856769 -0.3156966490299824
 -0.684384402050826 0.5080285660793202 -0.2782619679171403
 -0.4134610528148497 0.3356510391854868 0.05699159140454692
 -0.2626184361753506 0.2969879630573596 0.07357438388199319
 -0.4165978249297547 0.4275840544901385 0.09687836383207754
 -0.2219090743432113 0.3472086572177422 0.2647304888251465
 -0.4904428850956307 0.3869049426865531 -0.0989988876529477
 -0.02669082433939074 -0.3542600321410045 0.07082714214957903
 0.06418336525333931 -0.1220536126129075 0.4450171821305842
 -0.2319687722225437 0.1390137768553872 0.2560683760683761
 -0.268742061227784 0.1512030705421715 -0.01187980433263448
 -0.1069567013204614 -0.03009290240541798 0.3457667258732978
 -0.4937079131597981 0.2063730826712982 0.1160077770576799
 -0.2217819432623754 -0.1615099926517936 0.4878892733564014
 -0.6861357617911847 0.2841069760571185 -0.3203331302051594
 -0.562601424975663 -0.1052121365855944 -0.1810699588477366
 -0.2947518777622911 0.0237156683257016 0.3427385892116183
 -0.2207106142377764 -0.2384028478440111 0.368725171542073
 0.07301628592098336 -0.2759923763428366 0.2643419572553431
 -0.4457315854601892 0.2190884064126353 0.266429418742586
 -0.2547586462906593 0.267935817650521 0.1022115959354453
 -0.4100427884439239 0.4755419647161482 -0.1432234432234432
 -0.4902101843428412 0.418395953515546 -0.2135117909496494
 -0.6142289134133652 0.3751853063509386 -0.2386314421827631
 -0.2187742035021659 -0.0273467754377707 -0.1921850079744817
 -0.3659701503511005 0.147709252018964 0.06192017259978423
 -0.5503441278907998 0.2664481779847451 0.04623928528311003
 -0.17711912014598 0.2149120534255362 0.1111111111111111
 -0.131084462933302 0.08368122541498614 0.3511058451816746
 -0.142886901662352 -0.03735856997641013 0.3610062893081761
 -0.3575584358694961 0.3871925047092798 -0.1970709964979306
 -0.2561842771712735 0.1176801121977684 0.2305258995650455
 -0.08627696961174142 0.05045262236811179 0.3340645947592931
 -0.1945548735683265 -0.09654602748503419 0.6643774260973425
 -0.358981369175955 -0.02283727080533235 0.3245338361617431
 -0.1547934919797872 0.03220955489680422 0.2891612409038682
 0.03856296295026507 -0.2454680910872637 0.2473508931274599
 0.04865989724720787 -0.211134469411614 0.08956228956228957
 -0.09694190174894404 -0.08670156001490067 0.01226309921962099
 -0.0884292325914505 -0.2122301582194811 0.2298435619735259
 -0.1706446502103476 0.1473545667170718 0.2111903455842019
 -0.2626988999506597 0.2317633152074353 0.08281573498964805
 -0.2917376714233479 0.3876514264118459 -0.1511044176706827
 -0.1395856223829818 0.3703777593912074 -0.2225999676218229
 0.25984105028266 0.136596283350173 -0.2385744234800838
 -0.177329806359005 -0.05781081599249616 -0.2665075576770087
 -0.3924953345789255 0.2011823281690817 0.1266077793274446
 -0.2875567465865284 -0.07817520455690991 0.1631205673758865
 -0.3107195872197949 0.2019187222942516 -0.1460584233693477
 -0.5394833219191676 0.256929797730438 -0.1286400904721515
 -0.3200020978968999 0.2385980554494429 -0.076063601203266
 0.01734298199543045 0.06083807969825607 0.2636547538772758
 -0.05372424384445626 0.1067023176355173 0.4452821567283528
 0.001810413704939548 0.1362982889290186 0.2744166402702988
 -0.1824501076241036 0.2155758009232316 0.2342313787638669
 -0.1847133934119835 0.1394405028698307 0.06293318547269203
 0.06807032320792616 0.009724331886846571 0.08861477385509717
 0.2112840259051892 0.0167514189336595 -0.2989190381645709
 0.3193053077919975 -0.1823331144773244 0.2142338416848221
 0.2991589931759783 -0.02342408223972985 0.1016393442622951
 0.1382929243798701 -0.08430185116307148 -0.0525908739365816
 0.05514587521083192 -0.3106175828201963 0.05903974270617965
 0.07636977258099972 0.04714183492654306 -0.0554272517321016
 -0.484945315546796 0.2214927540511607 -0.0901432181971356
 -0.5289060555715706 0.3074716343795845 -0.2398544640358242
 -0.3563695625228571 0.2790600855911621 -0.08194905869324473
 -0.2384152708485305 0.2306267502037509 0.0860272036742625
 -0.5843382183248855 0.443583085275113 -0.2503576537911302
 -0.2160043864888164 0.10054022352934 -0.04922238255571586
 0.06597952169112933 -0.1172314715762031 0.2506012506012506
 0.06456603732259247 -0.0776299826174361 0.3226666666666667
 -0.007510892273769748 -0.1990386452548999 0.3576082790341127
 0.08814817303947869 -0.08621792107511056 0.04544260572629369
 -0.2309541363962634 0.1554763590548463 -0.1099341999679024
 -0.190859415831633 0.005344063643285768 -0.2859591709521583
 -0.1987725758812817 -0.134553743673483 0.1375780274656679
 -0.1818120982235004 -0.05470941557485273 0.3782289904117316
 -0.5216419990315067 0.2196713044557353 0.05267146646456991
 -0.5547137080027629 0.4791186537891371 -0.1330190027146735
 -0.3360807369375519 0.3273429613984918 0.0239133306909764
 0.158242378419187 0.09460450989872402 -0.1194618418000464
 0.3866478518149813 -0.2708695006569758 -0.00246913580246913
 -0.1232039844153021 -0.03782578468890857 0.3024487094639312
 -0.3806623186384795 0.2722458354819506 -0.04770335398839383
 -0.2532768264524332 0.1509566592442944 0.0885080078673785
 -0.006959483794817728 -0.08848486539125433 0.5636732623033992
 0.01020317060367881 -0.08891334383205822 0.3573341267479916
 -0.0006798472780413928 -0.0002266157593471402 0.5104079933388843
 0.06637165458461573 0.1001836295616842 0.1329243353783231
 -0.03807048699486396 -0.03460953363169453 0.1494171670787708
 -0.02304764113868216 -0.0955799235457114 0.06074443060744428
 -0.2020011457130333 0.1427378399940039 0.3320056059600207
 -0.4136399311138191 0.3893775481890167 0.1000137570504884
 -0.2145314757520457 0.3309914197317276 -0.1298091961213638
 -0.279392720373585 0.2356770139681282 -0.01583189407023602
 -0.2940848982759818 0.1835747346381129 0.1938851603281133
 -0.1721141334894931 0.1663233775963887 0.2295770948253218
 -0.05858445413166388 0.1214366499550384 0.176368100102954
 -0.08530561293274747 0.1996713797217057 0.1350937619594336
 0.2069896369486474 0.01753006697284963 0.2133223231489128
 0.2351121975334836 -0.07013665930173335 0.003061408247793995
 0.08992253093917682 -0.1151008396021464 0.05653450807635835
 -0.141831087118049 -0.04751165449363925 -0.00229885057471263
 -0.3685668256576556 -0.2918941648456616 -0.07962657880285559
 -0.3581349350277203 -0.09511961732465296 -0.272869429241595
 -0.2974111494944226 0.2774803948745432 0.03046740801012568
 -0.2108336620157877 0.260380862881187 -0.1521281078803203
 0.08878063259869165 -0.1629427674602493 0.1021834061135371
 -0.3794692847621048 0.1251111265836913 0.2030392570704939
 -0.361429295561851 0.2680137237858649 0.1155906655770454
 0.00600680616552185 -0.1965083731292163 0.2194780171658784
 -0.2443447214894721 0.2617169891687854 -0.3240826395312982
 0.3261487719959237 -0.2631683194725729 -0.125803489439853
 -0.1037700313164591 -0.04616104595927897 -0.2169455751545303
 -0.07382662613083812 0.2701795475595235 -0.05964467005076139
 0.07941807579763244 -0.0347864298948308 0.05894962486602356
 -0.1319209709519696 0.1663146526644474 0.1994614348913253
 -0.2400597731949182 0.1887231618192229 0.2187624750499002
 -0.2341125753689151 0.3832337867425145 0.06411166311805064
 0.2239359915902556 0.01463453459221152 0.4323075188817496
 0.3861247590585394 -0.03145689621694458 0.3316398532317245
 0.1627866024769563 0.04913506373976373 0.06855049712192568
 -0.1853249914254636 0.2903869290105465 -0.06161550185064227
 -0.299785831635298 0.3515394921930904 -0.1840863115306811
 -0.4003740652768745 0.5017294766581106 -0.3115727002967359
 -0.3620933050357822 0.4760415271248934 -0.3031850230974957
 -0.1649628066730041 0.1871426798391223 -0.3097906055461234
 -0.2600086347044233 0.3006970088375581 -0.2644586245315507
 -0.2760759512140682 0.4112202128848643 -0.1259259259259259
 -0.4451860631938916 0.4073892724933972 -0.3203577064702788
 -0.2528168321673114 0.245114034234031 -0.3171608265947888
 -0.1666003762726819 0.1206950094359368 -0.1488734470414824
 -0.1644673546723361 0.2198549861427448 0.01061375173050302
 0.2015300795625056 -0.02167485981564708 0.2853242963381343
 -0.129132074645185 0.1381763444646921 0.1134358974358974
 -0.1704387606384386 0.277324085106612 -0.1042035211860837
 0.1145833683737939 0.1948157479059682 0.09267431597528686
 -0.2449165350021586 0.2942242347641826 0.1860680704542445
 0.02200343190725626 -0.003046629033312404 0.08236594803758987
 0.02459535733808593 -0.1534611732503108 0.2425399519162778
 0.06862151532766517 0.05735034855886992 0.2399512789281364
 0.2295847913038713 -0.1154508606365548 0.3448028673835125
 0.2055241736628776 -0.2279246285580141 0.04618198445358943
 0.3257135412264534 -0.2327789710395577 0.1400180668473351
 0.04781286284711912 0.1691839762282675 0.1780780780780781
 -0.1899674971956979 0.2703183802392747 0.1315659243548958
 -0.3747853158356775 0.4977617475942592 -0.2995218579234973
 -0.1344937225230018 0.3937440654858922 -0.1160248447204969
 -0.1697247617098017 0.3083791124963894 0.006299076710673951
 -0.03751470777235501 0.2714299444705684 -0.05315315315315314
 0.1078711727191595 0.2829074152445881 -0.1100955546323224
 0.1725540973464844 0.3074836170760663 -0.298728813559322
 -0.08833501244361927 0.3525370042068077 0.02762068682894844
 -0.2243643030924817 0.4887782802494562 -0.2250351617440225
 -0.3149391818104482 0.4194721868368949 -0.1224182738339488
 -0.2949380406285916 0.3499999393111982 -0.3208450411072952
 -0.4618801488185649 0.5394201849940374 -0.3126516830220534
 -0.1136828957299245 0.3448152891567289 0.08380513035576993
 -0.09490096749959709 0.3007228823335856 0.08750977464988985
 -0.1171564633750361 0.3106845462198057 -0.3059092393078681
 -0.2124572218033451 0.332453524431701 -0.1903916696248965
 0.01573704750331348 0.2397154910388438 -0.3225758254893172
 0.05486219518996349 0.3766795412763421 -0.0830830830830831
 0.2510907627189246 0.1542672743611234 0.1941002949852508
 0.5398025094097888 -0.06339962358839803 0.337400628581993
 0.1660508328767593 0.1711699336976228 0.1379310344827586
 0.1270912721266155 0.3802363366073845 -0.2232105040237188
 0.2946291135003421 0.2888762437806701 0.03170608958228487
 0.8659141698366308 -0.1681673174810493 -0.1839807286961758
 1.267938376525991 0.006502248084748674 -0.09670079635949941
 0.2978487527609593 0.01571660085353839 0.1323943661971831
 0.01891630663480411 0.2892475250885499 0.02162313956753723
 0.2620573837899963 0.3389999662499261 -0.1596452328159645
 0.7418856864636407 0.09854269080162212 0.1218390804597702
 0.472708546852894 0.1815630554957706 -0.004385964912280688
 0.2883829826919168 0.0404128533568264 0.1311869293608842
 -0.2882800330916527 0.4093932685299816 -0.2685156331151968
 -0.01016385785387211 0.1401380401064184 0.05092417955488496
 0.1305969823850589 0.1652812758098171 0.1070654529692241
 0.3645074021998776 0.03888078956798695 0.07539682539682546
 0.3740799586519464 0.02682846794120859 0.1204794379003926
 -0.02673577774687944 0.2898721166240613 0.09808990377710756
 0.1357166215234127 0.2597167001814949 0.1011459890383657
 0.811347503390344 0.05516868790052203 -0.09309309309309308
 0.3100561436346939 0.08825741197351197 0.1458215431050745
 -0.2953796454532657 0.3405271034575046 -0.05294117647058824
 -0.2356091324364427 0.4887568819062707 -0.1197377501725327
 0.6977774934931308 0.05491767309899641 -0.2937685459940653
 -0.06094028877259433 0.3470497801286729 0.02255956145899221
 -0.1676997578310315 0.2997130071956194 0.1937780698871727
 0.1720535063315744 0.04141405338313827 0.4991065292096221
 0.005754478643969912 0.1246803706193473 -0.1527016444792482
 -0.003183912143998963 0.2996415095518995 0.0467937608318891
 -0.04075504301382837 0.2322479163527754 0.09925925925925924
 -0.1449475835094554 0.2507033311343799 0.105015873015873
 0.1591950683301583 0.1206400127189481 -0.06524498603706524
 0.952019333043302 0.06944141017492322 -0.133973479652492
 -0.1005004292063369 0.3970044579145353 0.1027995013034115
 0.1583096148576536 0.2562892045689806 -0.09037037037037035
 0.2182196744423207 0.09710253456045848 -0.07843137254901958
 -0.007723616306073086 0.3865486065563243 -0.1063063063063063
 -0.2543321003091404 0.448990811387172 0.07056451612903225
 0.06348765416822089 0.2031604933383067 0.4216421364435805
 -0.1665653025092562 0.2923057759721259 0.1733333333333333
 0.3631557771187421 -0.004831340715548676 0.6383957922419461
 0.03974098402745568 0.07538744242784021 0.5209439528023599
 -0.2835519410996694 0.353079602563341 0.1504381093422189
 -0.1648515910542291 0.3343600067145099 0.06920152091254754
 -0.2131296222274578 0.3367047787771811 -0.05637254901960784
 -0.5611947116437134 0.488698368782676 -0.2536995635047375
 -0.3463804517484685 0.3741862219576346 0.1541393010621909
 -0.6817392989023165 0.5924902137576193 -0.1587301587301587
 -0.2589492585877782 0.3176384504130358 0.2786465477823502
 -0.256430957447614 0.3511573185943072 0.24921875
 -0.3362148726833806 0.3705080826205918 0.3331890019484737
 -0.4017247353069662 0.3613207807868313 0.3243986254295533
 -0.3606384898294857 0.2764588423310216 0.2634741784037559
 -0.07527982661035773 0.09265209428967103 0.5479905437352245
 0.05411742044259989 0.02097050042150746 0.6227561447114056
 -0.08191972311402765 0.1206290428272495 0.2554208011760383
 -0.342350977983844 0.3906581711962883 -0.1146838156484459
 -0.2515881048222379 0.156660185641625 0.3723252496433667
 -0.3461724174115433 0.3268061283255829 0.3313567697303403
 -0.2210376575819524 0.1673275725620387 0.3847775669407548
 -0.4435502667709219 0.4391221443073188 0.08526664658029531
 -0.5119031078345491 0.5988720277748321 -0.109404673437371
 -0.7384873534505548 0.6491313292494313 -0.2128932638486778
 -0.4711030287666753 0.4779912192656137 -0.1091694285427337
 -0.4486983426687345 0.3199818826174501 0.2090323942175794
 -0.28787189244308 0.3455400402777686 0.1853765910613456
 -0.3441984222464766 0.2721655269759087 0.3524329240563894
 -0.3112109784372487 0.2403240333487642 0.3478030704076231
 -0.0949555283004837 0.07802078439976048 0.7027160493827161
 -0.04029918747068176 0.03767097959215904 0.695994277539342
 -0.217601257471341 0.1286719913076464 0.5482730923694779
 -0.3106764636110253 0.06407702061977397 0.3285770907649623
 -0.3487295458582484 0.3244190727094763 0.2190280629705681
 0.04171381192344326 0.1894217361113736 0.1535455053042993
 -0.3576688562471012 0.3937970235447882 0.2849557522123894
 -0.3724977339543157 0.5535570040187974 -0.05743879472693033
 -0.5118756343030469 0.5006312369444179 0.0802295252999479
 -0.2914969102003657 0.3942584736566901 0.1476635514018692
 -0.1991582569356361 0.09043143950095815 0.5492957746478873
 -0.5008760538464202 0.5502775276504507 0.008963585434173655
 -0.5502041697865109 0.3355684820095314 -0.06130456105934282
 -0.6625914726500396 0.5926346052510914 -0.3096695226438189
 -0.4429692130314693 0.3820886912690912 -0.04957928802588996
 -0.4034845997933395 0.2300862593862845 0.02839362115908206
 -0.1385676259791415 0.2432241873726703 0.1936985320443967
 -0.1745061320022002 0.2433480005902242 0.2758169934640523
 -0.2186617672825959 0.1971540524679143 0.4848780487804878
 -0.3083493831634573 0.4333072964571032 0.1683640700981741
 -0.3357932925843695 0.3739699519494458 0.04203709801339039
 -0.04593098659916592 0.07622589265393495 0.08238579692798725
 -0.321932937622932 0.2181212294764068 0.36
 -0.2751238479212991 0.1900721207413275 0.3405797101449276
 -0.3875241717155943 0.3093453822912309 0.2185995322602834
 -0.1837221932482172 0.07909679845993861 0.6712796856313001
 -0.06125912182737495 0.1286441558374874 0.4969632011432655
 0.1430698980435706 -0.1031434148686206 0.4675359956533551
 -0.1957634160066475 0.4225227062143477 -0.2687312687312687
 -0.2266993600564994 0.3151057957331286 -0.2394947151327662
 -0.1338289655775313 0.3408675046591478 0.08128688368551304
 0.2846073796376645 0.05287787381246226 0.5009523809523808
 0.1826175347361457 0.1795990630876144 0.3130006161429451
 -0.01828659755717189 0.2870995816475991 0.114594998133632
 -0.2211289335475612 0.3875758027076073 -0.139932483937711
 0.18931721241718 0.1205707386344052 0.1329879101899828
 -0.05521114868285336 0.314658660379514 -0.04452996151731718
 -0.3451553728467205 0.2458768113020993 0.1045454545454546
 -0.2509913588430581 0.3927549967081187 -0.05502846299810246
 -0.05626160764359872 -0.1575325014020764 -0.08756818834338212
 -0.07493423987451045 0.05855517104948085 -0.283851554663992
 -0.3367283104712162 -0.27773128417378 0.09566007725516934
 0.1695864225837729 -0.02233577273054571 -0.2387706855791962
 0.2767016190921738 -0.1258765562263577 0.05185185185185182
 -0.1020048949842481 0.2099562636671296 -0.107749766573296
 -0.001179340270959624 0.2000947326394861 0.2084737602311026
 0.1929672442993163 -0.02954221655396698 0.2250449063382089
 -0.1786583649300921 0.2526682889323129 -0.110461338531514
 0.02144714521330895 0.1298116683963435 0.1907834101382488
 -0.2613774061306767 0.3830955521888383 0.02685624012638232
 0.105748896384472 0.1805644421258671 0.3215859030837004
 0.5065449662260358 0.1371397169907734 0.03300970873786407
 0.04799000312391538 0.215955014057619 -0.0383673469387755
 -0.4119452348794478 0.01478777766233916 0.2858990944372575
 -0.08855385712267615 0.1495909789812439 0.3529411764705882
 -0.2521816654465223 0.1454788451703493 0.3214325811159762
 -0.001672577495925712 0.09979712392356636 0.2666439057698874
 0.1960514389233241 0.04958948161001725 0.4486817325800376
 -0.04264927004265542 0.1573284183795734 0.4022054556006965
 0.04151677530140979 -0.07976253194270852 0.6942989214175654
 -0.1229552606207876 0.19906067984031 0.255992650129458
 -0.2637131814176507 0.274555500547554 0.2112515170985936
 -0.02309452915969398 0.2053313592561883 0.3461901088540327
 -0.0673941639366549 0.2237285813956611 0.2173468344072824
 -0.2689480946312177 0.299659948830541 0.2695683324377575
 -0.4164816565452006 0.3688548004439247 -0.04126590133416071
 -0.144784910479061 0.2080048324036412 -0.1199446940891808
 -0.3383108263597293 0.1585249186360363 0.1222780569514238
 -0.440433840334458 0.3972374444555016 -0.1300138312586445
 -0.09968249907044723 0.2263623416391407 0.2861381941500636
 0.04596688766673263 -0.02960579205653968 0.2888040712468193
 -0.4887516227889004 0.2459389828959072 -0.1197617528185492
 -0.4841824724901415 0.05307227776030218 0.06933333333333334
 -0.0316471542995243 -0.2323805329993639 -0.1546696197858988
 -0.2996492828556638 0.1729186307434595 -0.09895589839488855
 -0.0752242531372953 -0.1015527417353486 0.4088291746641075
 -0.2708227748504108 0.01549329375574432 0.1448450347881088
 -0.1347584859141128 0.06674358972161246 -0.006357856494096231
 0.02028096383169145 -0.2133256936370508 0.4277828886844526
 0.02236607795940637 -0.1603351371788769 0.4635863586358636
 0.1745051640616391 -0.116748150779569 0.4675534058847239
 -0.1830786549858899 0.15912443844568 0.3196423582006147
 -0.05391958553296305 -0.2418678551050056 0.2276729559748428
 -0.09182820625609922 -0.1205936684568051 -0.06865401987353206
 0.06822478169476953 -0.150094519728493 0.1324348607367476
 0.006413326114307116 -0.004809994585730337 0.2289314351170021
 -0.08449239280393298 0.0702787192481312 -0.1553836234687298
 -0.3039042512966416 0.3984045131839364 -0.2327926348092942
 -0.1733957792830385 0.1810778707702618 -0.02508960573476701
 -0.3919796056586927 0.2694859788903512 0.07485544616346307
 0.05524681822170296 -0.02184176534346394 0.1775504851822712
 0.06333126107279269 -0.3888403233609104 -0.1376146788990826
 -0.3703454839463592 0.1198864100421487 -0.3278800272665303
 -0.07013957413255795 -0.1969303427567974 -0.092511013215859
 -0.08876873484790132 0.1040029731716335 0.01255830642267675
 -0.133041069065969 0.201280822185293 -0.06338408379224705
 0.1950788998744635 -0.1965708991086851 0.3226739759403076
 -0.2000566043143371 0.0549533079070918 0.1983190999051105
 -0.2902579058465135 0.1308578092451503 0.1485514167462592
 -0.3375820038697345 0.2122462330143372 0.07304921564667073
 -0.4665386333645731 0.1966759347501741 0.1450731535342852
 -0.1225682295709531 -0.08882095412503106 0.5541523153463452
 -0.1311239268951976 0.06951147931793605 0.1228635923895517
 -0.1578820346264909 0.07833096308362225 0.1336919705120543
 -0.07902336237008722 0.001172453447627425 0.3459697491862914
 -0.3226715327392851 0.2558799169542486 -0.08363315028719308
 -0.4024229932198172 0.1671191832308211 -0.02487329434697856
 -0.3032701586302983 -0.0833159776456863 0.1485466914038343
 -0.3357456631083615 -0.2123671089777281 0.2728325372702273
 -0.3834302589342361 -0.1695621214574511 0.3705970352237182
 -0.2555784465363384 -0.2243672537565551 0.4095444163962014
 -0.6116418553621084 0.04646490922244401 -0.134812693867812
 -0.3559187236243809 0.1221346847570843 0.1543400713436386
 -0.1001363731326456 0.06668422210811351 0.05480682839173409
 -0.3591473854070726 0.188560547206443 0.05730104729504371
 -0.3804982485891458 0.2547841053985664 0.07830119085256615
 -0.2814699395687194 0.1285658981420384 0.2089367912877512
 -0.3299932213943358 0.1465548530228059 0.202078752748351
 -0.4905913639119883 0.3078764177765693 -0.004104741684359481
 -0.4216382870627496 0.2335919114696272 -0.07732822599952119
 -0.3817620177145055 0.310150983984761 0.03697770658123084
 -0.3133068275652902 0.2476389823937774 -0.1298449612403101
 -0.1723178188545694 0.129238364140927 0.06377383300460229
 -0.3802504013251929 0.2823973137043262 -0.1477177792967266
 -0.3637330813906847 0.2032015502252335 0.04105461393596987
 -0.2443646240902758 0.186460832729754 -0.1004120581218824
 -0.4284186605460696 0.3825915797192961 -0.1802371541501976
 -0.4237352774050697 0.4033688288248527 -0.03978289739592355
 -0.2263742365422643 0.1647453569360813 0.07540937521962188
 -0.05659224736284033 0.06511517618254517 0.2487125956854558
 -0.1126935385134622 0.06784808236402268 0.3368055555555556
 -0.01737726401744369 -0.1470022604718886 0.4677403892244272
 -0.0805992949406209 0.0630217891291025 0.2151920889122254
 -0.2707751539134519 0.2335826744927339 0.06825599545906061
 -0.05575536706470034 -0.02754711811497053 0.4317588843904634
 0.07525789192894444 0.02742273870287565 0.3713804713804714
 0.02887842428373005 -0.07028899495473917 0.2730508286063842
 -0.215001663784982 0.1501916787659697 0.2029728725380899
 -0.01954253346061691 -0.0305054180848654 0.2687293247713563
 -0.0664899495869484 0.05004879841635751 0.3169479814430955
 0.07818678915792308 -0.0219968404037611 0.5365875344536321
 0.1099089365991244 -0.1027225830522586 0.6327551988955044
 -0.01453621726206566 -0.01234207126024445 0.2197962154294032
 -0.3416077606969677 0.07264418109724624 -0.3254901960784313
 -0.1881247505582831 -0.001758175238862458 0.1915015790984784
 -0.005421224071080422 -0.08854665982764716 0.4865363334562892
 0.0544331053951817 -0.0534250849249006 0.5209876543209876
 -0.09338636409933046 0.0555706512294781 0.1810223100818978
 -0.1127692582898255 -0.07504853077824622 -0.1004170676932948
 -0.2615273676056541 0.2898005965359951 -0.001049317943336819
 -0.2558966038191919 0.4192637071845568 -0.3277985332779854
 -0.2217024986877569 0.1779359860018243 -0.07381370826010542
 -0.2698911632407339 0.2892232549897191 0.1804394924172083
 -0.02235605677243871 0.1044394891010945 0.07587522135948785
 -0.1191821622160632 0.09635537608259993 0.3354838709677419
 -0.09310109246610329 0.03817144791110236 0.185480805777271
 0.06356119994247625 -0.03919607329786037 0.1631527732727862
 -0.105964793816808 0.1438093630370966 0.2410969486288142
 -0.02766195709143598 -0.02625541690034605 0.3679777969183654
 0.00707490618903997 -0.01336371169040887 0.2631578947368421
 -0.1926334708678537 0.1305691915000954 0.007051511891956547
 -0.2753400859997335 0.1885688060151903 0.02782097805425954
 -0.3855265776806797 0.08019428041123536 0.1070692372984115
 -0.3743005531820217 0.1704195865839143 0.1257247240092129
 -0.169578612939629 -0.03158448666724797 0.4163788471870443
 -0.3582095243063131 0.2334669911090217 0.1803240740740741
 -0.3950019363583867 0.2577610216918114 -0.06312056737588652
 -0.4536092116265145 0.2518978813500432 -0.1142631993695823
 -0.6115548489992715 0.3032701586302983 -0.09692923898531378
 -0.4897888641770862 0.04472459561527958 -0.005566688933422409
 -0.3098712619246973 -0.07926939258538768 0.2233217437817598
 -0.1090934888922223 -0.2863704083420834 0.3430758524704245
 -0.08742352524515803 -0.2603133326329706 0.3570382208017047
 -0.048950634348185 -0.1539007943906937 0.2773780975219824
 -0.1891655710934058 0.09922830546549971 -0.332119556971628
 0.09619918685021867 -0.005264632116181084 -0.1629542790152403
 -0.05917486823574741 -0.1372973543794926 0.2607402118291087
 -0.03619222433190278 -0.2900203576463141 -0.2978723404255319
 -0.06451880339755872 -0.4827786323196636 -0.2225249772933697
 -0.2540437401766416 -0.03353377370331667 -0.3183986724745903
 -0.4852472963493095 -0.03860918813629222 -0.3104065914382947
 -0.1452226505878916 -0.2183417473873894 0.09452736318407959
 -0.224915228977991 -0.04372557818758915 -0.2451289231128223
 -0.1313140941661706 -0.174081528504694 -0.1484077216279355
 -0.3512157424019121 0.06139728388301863 -0.2634830125920646
 -0.3388315181257746 -0.2640749940693716 -0.2572334522393975
 -0.4729789338343916 -0.001712450882818184 -0.3243847874720358
 -0.2910987810264066 -0.005747594979615439 0.009523809523809518
 -0.008367172477483087 -0.2712358411450772 -0.0247651579846285
 -0.1962468711709677 -0.1839172248146766 -0.09395973154362415
 0.05637181873802383 -0.3140715615404185 0.05095890410958906
 -0.4736181942629589 0.3225286937976712 -0.3101172186184136
 -0.1932453225920636 -0.16704256698636 -0.1637058261700095
 -0.08087937829944458 -0.4794991713467071 -0.330188679245283
 -0.578887972876079 0.3505739843971644 -0.2021794123370306
 -0.02086379469692468 -0.1845643377035646 0.2366912366912367
 -0.1241967467127141 -0.2173443067472497 0.1435927906516142
 -0.1447522044596574 -0.1230982161502452 0.3773421735370424
 -0.4590776230710238 0.008337086300645447 0.07378129117259555
 -0.2844485317562941 -0.1286483132261421 0.2124571126946424
 -0.4850950274923549 0.1994476168272371 -0.03859649122807017
 -0.3060367858235694 -0.149033538929707 0.1390922401171303
 -0.297125097254675 -0.1736548825777993 -0.1154471544715447
 -0.2711065171433176 -0.01835617043157878 -0.2589710332900994
 -0.5980204881303371 0.2829578287786854 -0.2591358436076863
 -0.457998978190642 -0.1346195079665785 0.1732377538829152
 -0.4385997340480874 -0.2205823223867574 0.1392670157068063
 -0.4146701736846428 -0.03363843591837073 -0.02172284644194755
 -0.3153942441112026 -0.08944939798639603 -0.03057872125347486
 -0.138790878184232 -0.08733669895495577 -0.07573244886677719
 -0.2045078372342471 -0.3825409263087137 0.1171679197994988
 -0.2463546011316213 -0.2285993145635765 0.4648142555119299
 -0.4021329052685351 -0.3035454833317329 0.3360568921168104
 -0.2786375482682019 -0.2595621170909166 0.344736476150744
 -0.5632652278067291 -0.07457314283638389 -0.0130845964503174
 -0.3336530103032155 0.08150666394549982 -0.03522086008951156
 -0.426400891401004 0.227092742336069 0.103145795523291
 -0.6975265374602715 0.3483753229362201 -0.3037694013303769
 -0.5490152084220259 -0.4191510637996931 -0.1220573689416419
 -0.3803427111157002 -0.1371163034638122 0.01434599156118146
 -0.3689906631406561 -0.0009310109246609966 0.1496262511085772
 -0.2104675517733229 -0.1757457475467595 0.5267691636680842
 -0.3100739228071049 -0.203260210796552 0.4797999230473258
 -0.408948544821434 0.198472092202966 0.2498570611778159
 -0.3505112915978791 0.13825723168583 0.2931075602194133
 -0.1596726811561315 -0.03525895167485553 0.4838577010076086
 -0.0286785989168829 -0.2673857604897615 0.1949035812672177
 -0.161262318478449 0.005771493503439223 0.07803187803187805
 -0.05904001571211159 -0.4146219285236932 0.009586414680909344
 -0.2587453046972599 0.04436366473005549 0.3563651591289783
 -0.3813152435235387 0.06756887214853291 0.3101851851851852
 -0.2647704758366445 0.07526365131456692 0.2801760622989673
 -0.3936760011282501 0.214773125900264 0.01336262127036431
 -0.5495083581711033 0.1419295467011134 -0.124303050180387
 -0.5516868790052203 -0.09758727904181225 -0.1771771771771772
 -0.4364330533569064 0.1696008876271339 -0.01055170334639735
 -0.4703216824645013 0.212580109591227 -0.0892540307027694
 -0.7301115296590985 0.238204626421797 -0.2330404217926186
 -0.4744169736277307 -0.1787802911144502 -0.2444444444444444
 -0.100202420703349 -0.3259860411528167 0.1911396927474098
 -0.6221127994724219 0.1562693145032836 -0.2544951590594744
 -0.3726803572124908 0.09574261277727855 0.268675799086758
 -0.359595616498667 -0.0199207798912614 0.092482535710562
 -0.2539544512738442 -0.05883578303743908 0.2544117647058823
 -0.1819601977829987 -0.04781435854151792 0.5174190050155889
 -0.7070414889407073 0.1793527296769746 -0.2166823455628724
 -0.592651533333362 0.3145099753385344 -0.1246340443329151
 -0.7300743519827693 0.4910158480355256 -0.1974723538704581
 -0.4225544271382377 0.06664566109281866 -0.1857549857549857
 -0.473356038224442 0.1709078378715199 0.1296553855663731
 -0.3500446299090654 -0.06622465971252589 0.2671704450041982
 -0.2632737554980026 0.1287373870496841 0.2161796536796537
 -0.1823879472208451 0.05077227204594614 0.3199893247931678
 -0.3079915887625376 0.09791206414984449 0.3233785129029788
 -0.1451634145279811 0.07658227380610029 0.5230984601026599
 -0.08886161527446862 -0.07495284070976918 0.698422712933754
 -0.1790819849850458 0.01881215940497752 0.6297626171952923
 -0.3193147779800805 0.09469010708312908 0.340431654676259
 -0.3807437319176203 -0.07891360253058091 0.3754262198706644
 -0.2641077129489054 0.06969151919099648 0.2638320209973753
 -0.2470474467993937 0.09586204016733232 0.3360591900311527
 -0.2700675446376221 -0.07209430217021269 0.5239430039710348
 -0.2623842815891262 -0.08404273948837375 0.4277739009071877
 -0.278522189560472 -0.2142864413375163 0.505838967424708
 -0.1567886030097179 0.01860203764522078 0.3892053159750475
 -0.1374608167890982 -0.1612322362338295 0.09957805907172995
 -0.4829224027392903 0.1752829461794461 -0.02519167579408542
 -0.469237207822698 0.2737548147246731 -0.06017842660178424
 -0.4318052325816826 0.2303825715375744 0.01535203811540503
 -0.1077569480894428 0.03723953353091036 0.5853145722141355
 -0.5053861311226874 0.2191914532717318 0.1219243986254296
 -0.5852906184075977 -0.3265986323710904 -0.2448844884488449
 -0.3878667570519001 0.1000548003859997 -0.02370146243066061
 -0.14926161653521 0.3074078531022777 0.05984766050054409
 -0.3018261118686625 0.3929434286592021 -0.1659401336820691
 -0.2573280111797688 0.4178331090620994 -0.1524074810982889
 -0.4831821758130743 0.4552586996687927 0.01529581529581529
 -0.355423831154641 0.2210801445163731 0.154419595314164
 -0.2802898710647418 -0.1688702949893164 0.1457000710732054
 -0.1893138760195201 0.1343656308256458 0.3880126182965299
 -0.1066756833957393 0.009452275743926264 0.2238147739801544
 0.4115084808934767 -0.1956114257768288 -0.2942916296953564
 0.1244474342677946 -0.3146597728234484 -0.3333333333333333
 -0.3048977265657024 0.2034459919255131 -0.03477297895902545
 -0.4815482333006014 0.3486246053740776 -0.02262709374081692
 -0.7066000905399774 -0.03863548490194285 -0.2295828951980371
 -0.5758146762737516 -0.02541063933597743 -0.3043648463495792
 -0.3060146849527444 -0.3073869481139674 0.1943977591036414
 0.04669300385521774 -0.1930818808067111 -0.1787738279237506
 -0.4808257643241053 0.3084542639060298 -0.1481481481481481
 -0.3836467289230571 0.1916513255696348 0.1290911644893946
 -0.2645399009016983 -0.009150751289052461 0.2012226184411615
 0.1032159089970301 0.1082508313871292 -0.1675231243576567
 0.002394418125887782 0.05267719876953073 0.386119257086999
 -0.2971483237285569 0.0925833056127551 0.3894888408927286
 -0.3012317483034329 0.0687019776832391 0.1391585760517799
 -0.6558969990920054 0.4911439797950162 -0.1609439027836654
 -0.2054133503597122 -0.3498043246711416 -0.05543859649122806
 -0.5308798426452247 0.3955622678244118 -0.07763638157245734
 -0.4870932985415317 0.4945342067448688 -0.2384624372006075
 0.02762582416672757 0.4082482904638631 -0.09273182957393486
 -0.4117091949269341 0.5484841393075026 -0.0778795071775743
 -0.06332014301072163 0.3615913429822786 -0.1360544217687075
 0.6335932626753518 0.08387279234777383 0.1237623762376238
 0.5273472457161912 -0.1273785617671959 0.1825273010920437
 -0.007088229929508999 -0.009788507997893353 0.5651095494005787
 -0.08605484667243288 -0.02048924920772208 0.3124215809284818
 -0.3196347420306431 0.3368488529845578 0.3093754991215461
 -0.586266641478005 0.6062246548049157 -0.08482467626946021
 -0.2314134694607994 0.3580359338827462 0.1140819964349376
 -0.2850220250476289 0.2379541677003141 0.4480918067787563
 -0.4002034310070398 0.4378216470586641 0.1743917106115274
 -0.1225695022571877 0.06682729968027548 0.6943366951124903
 -0.2879773684689466 0.3936139265288172 0.2165911275923637
 0.2271495557840759 -0.003621974693595743 0.5318969159273341
 0.0927361616254377 0.201509403832718 0.3862795331625392
 0.1055182174384829 0.1698448312779859 -0.2292098594793826
 0.02454657442662467 0.05555277370236111 -0.2352320675105485
 0.1902884325096187 -0.02501800108692201 -0.2268647477561127
 -0.2655696787456251 0.3905436452141546 -0.002551020408163254
 -0.4114358146536709 0.4222243580653285 -0.1271271271271271
 -0.5156945072004392 0.5895341979973813 -0.1331400966183575
 -0.3545742124347496 0.422886675380894 -0.02324037184594953
 -0.1346516828011786 0.3063813652142758 0.09177820267686425
 0.4928282788633909 0.130532895482736 0.1343121261555193
 0.1659331761240218 -0.1369607168007798 -0.0387096774193548
 -0.08933591822702204 0.2889089883794638 0.05642719515551889
 0.06340057396500715 0.2930134634598975 -0.2207065407485134
 -0.2503162874630085 0.4707086164626972 -0.2418072522784565
 -0.3320290134318924 0.5438138748031696 -0.07996832937450515
 -0.5026083259918599 0.6432612336506858 -0.1779270380613723
 -0.1612993778084059 0.2378187591946039 0.1253106141285055
 -0.7187003591322655 0.6626712737286161 -0.1985859846121855
 -0.5661606305009845 0.6316493601484866 -0.1470461405778352
 0.06501575670262139 0.3453434349528851 0.02240606687349193
 -0.397619340889656 0.4768533286246542 -0.3096646942800789
 -0.2070767606403008 0.08897214430552849 0.3224043715846995
 -0.430800901774719 0.234731260582379 0.08455467869222098
 0.1926142682280597 0.01597289053598543 0.3985423858841581
 -0.421161253422574 0.1827680911079095 0.1305758313057583
 -0.2759514462074127 0.1573259769536164 0.04860037781212434
 -0.3760579185713239 0.252874545986156 0.2469873802068508
 -0.3490673343523939 0.2693235036598212 0.2346437346437347
 -0.6261004580338315 0.6712618025477471 -0.198407710035617
 -0.02148675212967702 0.2836251281117365 0.2407017543859649
 0.2313479867759866 -0.03979710169492398 0.5743617211212284
 -0.3739955348519564 0.2447818876655768 0.2023647112323784
 -0.4031400095212986 0.3490198438595352 0.03731259159057605
 -0.1942189773852821 0.2335806901353659 0.3339676498572789
 -0.5927531415732981 0.4431455880945164 -0.03340149965916839
 -0.0991209828471427 0.04505499220324669 0.5536480686695279
 -0.4138268385323133 0.3560127949138284 -0.2695652173913043
 -0.07704967735515164 -0.01494993739726821 0.09953051643192493
 -0.4999123477688056 0.3844237116929748 -0.316848005275305
 -0.4098482988377039 0.3015400396853978 -0.06964124208622249
 -0.3833551020209446 0.1903371485558536 -0.08380237648530331
 -0.3257477985688583 0.2813828931667564 0.0929165115990572
 -0.3297390038361971 0.3716106233709523 0.1560758082497213
 -0.5112994279275147 0.4871850849744115 -0.1505922165820643
 -0.1728238294531876 0.3448795529976943 0.1984948259642521
 -0.3234754214057931 0.4600043578887899 0.01493624772313297
 0.4651144764536319 -0.2070947668881135 -0.2363132363132363
 0.1292606724423841 -0.1335693615237969 -0.0554089709762533
 -0.05150209202774887 0.2788649861014695 0.202051282051282
 0.05021504187747396 0.07097059252016315 0.2324723247232473
 0.009555876759882356 0.1263499260473334 0.3237971391417426
 -0.5863103126113405 0.6212930281609432 -0.3310482719223079
 -0.2212643406330861 0.1090739707346199 0.2111959287531807
 -0.3428478938969633 -0.03053939222947744 -0.1159727123029875
 -0.2041241452319314 0.3423755583372237 -0.2197875166002656
 0.4711265019928576 -0.0257647305777344 0.03831705484598044
 -0.1346959327772491 0.222066267551681 -0.002123142250530785
 0.310811387301793 0.09620352464103119 0.0785498489425982
 0.1148978873229363 0.2170293427211019 0.1597552685248131
 -0.01835806017075187 0.2666289691466343 0.3233404710920771
 0.563957238781531 -0.02340954576074279 0.3014769765421373
 0.02136376990162495 0.2256548195859128 0.274461706186972
 0.1738871090475517 -0.02859476904337516 0.4813061997160436
 -0.4679919427268673 0.5901345206867874 -0.0764227642276423
 -0.5240935894720242 0.5282545634772153 -0.07451162072426838
 -0.4605415785533155 0.4288049623335099 -0.2767962308598351
 -0.4440666848415499 0.424529378817357 -0.09205716184778993
 -0.6813490941647748 0.3951544163138194 -0.1767850324551355
 -0.6903107456934412 0.5297949405792404 -0.3204545454545454
 -0.4368275634634194 0.2664875257177187 0.1549992273218977
 0.1281778117923026 -0.009015564743801108 0.4162265962554008
 -0.03873516863327536 0.2354690514285951 0.2825634623387433
 -0.09888366897048587 0.3452452670912391 0.08004613610149942
 0.2702488683352333 -0.04652253246003048 0.5501493811352965
 0.1255262726673091 0.09021001246733221 0.3982134461683122
 -0.209181730594467 0.2399318495986826 0.254046911133135
 -0.3647018061477176 0.2199097457965342 0.1804444444444445
 -0.09233324272184469 -0.0140191834499136 0.6763370830866391
 -0.3546686658152956 0.1858691403737913 0.3511420828494
 -0.3486818139193136 0.4524561633000618 -0.295373665480427
 -0.00527452571658741 0.2007836122780929 0.2368647717484927
 -0.3105765148333109 0.4455411502500738 -0.1026260673433221
 -0.2862027174789641 0.4554288474324661 -0.02324100604902896
 -0.2424451328558767 0.4122177951579768 0.02069309399152333
 -0.2447181081385645 0.3824682381914042 0.07068803016022621
 -0.617819568784849 0.6166728039239954 -0.05945692883895128
 -0.565235740116964 0.4713669557883057 0.003633961017509055
 -0.3587869470492206 0.6294148156806326 -0.331659342958778
 -0.2540211585108481 0.1063919787269461 0.3912457912457912
 -0.06041238219727058 0.04368279943494949 0.4391955985581484
 0.1944849494848681 0.005103103630798287 0.7953703703703704
 -0.3675449638848767 0.4319412716068551 0.1825396825396826
 -0.4913041859403648 0.5370069009115616 0.04269824183710082
 -0.1540559586656087 0.4162417600172673 -0.1971045449151537
 -0.3543287049309 0.517921461037713 -0.2183288409703504
 -0.1668633885626107 0.4444290252007397 -0.08994708994708994
 -0.03357886371780692 0.408248290463863 0.01443001443001445
 0.3932819580232326 0.04240460858178617 0.2124915139171758
 -0.0296721815124111 0.2991092320274084 0.1060985797827903
 0.1722375936397356 0.07482041239743616 0.6539565395653956
 -0.1105066605419991 0.3028866768701756 0.01077625570776258
 -0.01474290162057502 0.2818495898051099 0.3046556912727917
 -0.2477537335257795 0.5490056526975868 -0.272264631043257
 0.1555669923075374 0.3231006763310393 -0.1619691845170988
 -0.3411889492811392 0.3490452737711653 -0.131729667812142
 0.3221639864043903 0.08217138114767848 0.09158679446219384
 -0.1232289500989484 0.2003518304329841 -0.08418891170431209
 0.6665748923393018 0.05766218791862471 -0.1713747645951036
 -0.292530025033085 0.3471547962923343 -0.07629107981220659
 -0.7748659986764769 0.3048432958397924 -0.3179824561403509
 -0.2277254365164708 0.3055556489967836 0.1479847013827596
 -0.1153691348430323 0.443156118817656 -0.2023448554679604
 -0.1541799033554958 0.219870588995682 0.1708471367723616
 -0.1240432696673042 0.3268904988879546 -0.3142686922847781
 -0.548219132908616 0.2396470484281378 0.006060606060606072
 -0.2618951297315348 0.1468666805945469 -0.03647798742138364
 -0.1135023932004562 0.06305688511136454 0.4068843777581641
 0.1471842520882874 -0.064460256389031 0.6298245614035087
 0.4458286076535039 0.03127802797150237 0.5067657709167144
 -0.0177002755306011 0.1467409939149829 0.4620046620046621
 -0.2698639157541251 0.4493895910532446 -0.1256753582334978
 -0.1124608498258943 0.2377596962072561 0.3811320754716981
 -0.1236760793795766 0.1389157858434107 0.6185690356544629
 0.04774429159662125 0.1591476386554042 0.3372881355932204
 0.3928579779265348 -0.03807077311865389 0.0740740740740741
 0.1537845863806965 0.4016101068790847 -0.1960252935862692
 -0.05952201007319537 0.1994668887185708 0.4531626785383047
 -0.080271262673133 0.2056782184991723 0.220125786163522
 0.01417094627439645 0.04584717912304741 0.4044580568317169
 0.7368629637755157 -0.02217645034618515 -0.1473251028806584
 0.4583948400837649 0.03507181997956321 -0.08113539311730722
 0.7663917777765865 -0.0338736697359817 -0.1063094209161625
 -0.108972266524207 0.2465795811861618 -0.09563240785841856
 0.6345344857495471 0.003110463165438948 -0.05396825396825394
 -0.167201589921144 0.3601473468479747 0.01936054873326695
 0.4249797777779558 0.1123399862517656 -0.2006245120999219
 -0.3459380700700752 0.432810410536103 0.1969601013299556
 0.2119416656876225 -0.05559125657380262 0.3843971631205674
 -0.05561277021798754 0.3715944191838257 0.03611971104231167
 0.04610526060257916 0.02955465423242251 0.2027027027027027
 -0.450031448830587 0.4193649105797804 -0.02973395931142409
 -0.3536284505733291 0.3207164957674944 0.2098341909662664
 -0.4049871957821746 0.3890893592089438 0.3326676651689133
 -0.4385825287645835 0.5498080692005586 -0.07162022703818366
 -0.3076821631202826 0.3725386291230523 0.03798266351457845
 -0.3968663023551914 0.3899941585914651 0.2908995265649658
 -0.2653513679794574 0.2340864031722101 0.5490099819996728
 -0.07002988464119624 0.2038647752888159 0.1728081321473952
 -0.145668991850046 0.1894322082856822 0.02705461970393061
 0.349150784190392 -0.1467248431617212 0.322240709927898
 -0.3898230598983549 0.3654591186547077 0.1247047121720751
 -0.2276434279684698 0.1991879994724111 0.06211474632527264
 -0.348236637000231 0.1555231582719478 0.2988267770876467
 -0.05070873502603776 0.2406516238523825 -0.06175438596491227
 0.1884962660327849 0.109635583304783 -0.04907734589713389
 0.4926083106510016 0.2418998169221561 -0.2702627939142462
 0.3264801277875015 0.07406536474308111 0.2907595549104983
 0.4905672080491993 0.03948631006125887 0.1387978142076502
 -0.01773615536538119 0.06207654377883411 0.334884923713473
 0.2758305194351862 0.08461352155984045 0.3989071038251367
 -0.6342000469955662 0.4096874736264853 -0.2988640814727771
 -0.3998439276533157 0.4161432979525591 0.1162403826159285
 -0.4316115639349439 0.3722622057335252 0.1508905162281891
 -0.0216108334701756 0.3571681386252661 -0.1190247032402951
 -0.4961350752165002 0.2608252966852458 0.09606481481481481
 -0.04410958540644037 0.1191897307791048 0.6842911877394636
 -0.1278116780924708 0.1858653340758642 0.3371559633027523
 -0.19411508610466 0.3130105763437642 0.05894006934125806
 -0.4137223324672599 0.3872164448718644 0.1832509997647613
 0.05899635973968796 0.1170148792626961 0.5518296739853626
 -0.0636549058594329 0.1444476709887131 0.3843078460769616
 0.1186949888112226 0.08621004450499326 0.5434838051517471
 0.1638072456293572 0.1231728901244003 0.223950233281493
 -0.1199760431123996 0.4147163435280621 -0.1390701045873459
 -0.3681240435071962 0.5829692176878668 -0.2126885075403016
 -0.3334503519313231 0.4940851105101111 -0.2233100233100233
 -0.1558962697535731 0.362316980484474 0.1047871166997573
 -0.1240145369443502 0.4195960258705356 0.04566512243547317
 -0.08466750993193052 0.1148460283235097 0.5557837097878165
 -0.1558672360557353 0.1465771358934729 0.5153813737884535
 0.1941888992250675 0.1959953075899519 0.3348082595870207
 -0.2101160477338473 0.2319532035186071 0.4194390084801044
 -0.2147656883482881 0.2125544586098244 0.5192958700067706
 0.26951579305542 0.01438426985408141 0.6668212022871272
 -0.2182016724893061 0.2239606609127775 0.6107628004179729
 -0.02495405198434372 0.04292096941307116 0.560717196414018
 -0.1983848456577711 0.2737537608203304 0.1985853227232537
 0.1253737552288255 -0.04074647044936829 0.237364043506078
 -0.4935999481678949 0.2015533121685571 -0.2191435768261965
 0.6887674128222007 -0.1584488414473607 -0.1089108910891089
 -0.3093680090805293 0.2396623057687138 0.1302957633892886
 -0.2545548164068793 0.4205986589148706 -0.0341736694677871
 -0.6750326400821152 0.6956697326290042 -0.2392988177741541
 -0.5567859378804602 0.6304627160498973 -0.2430980771296595
 -0.4905208321530204 0.2610920408179569 0.1239669421487604
 -0.460239261941315 0.4185758688388407 0.1005405405405406
 -0.5539536426670744 0.5109082162248595 -0.02594142259414225
 -0.5384144120610367 0.4926590481056665 -0.2695652173913043
 -0.6041432420335436 0.5503524151680985 -0.2205834152736807
 0.003641822394860522 -0.04588696217524238 0.192387749033601
 -0.459319988952171 0.3903569311208251 -0.04966799468791497
 0.2784042783106 0.0912417382698605 0.1996179560649475
 -0.4802921064280742 0.2561557900949729 0.08061002178649238
 -0.05130989442988442 0.1740074680665646 0.4408014571948998
 -0.2170498748046118 0.2016925723420214 0.6280041797283176
 -0.1697336642417691 0.3277080027256118 0.1923913043478261
 -0.6699796364764556 0.6310487427982007 -0.2293814432989691
 -0.5015559711292851 0.457185885218455 -0.1067305984727402
 -0.6123046428876803 0.5092595745540583 -0.09686704306431972
 -0.3768287791756482 0.3649181147657367 0.198524480214621
 -0.3611606498051075 0.3773227442886408 0.2259865499302119
 -0.2892936281071805 0.5030523302254524 -0.03629116844975875
 -0.5568157111525471 0.3246010872189737 0.03771661569826706
 -0.7293644517879567 0.6477800612076483 -0.2501998401278976
 -0.6701563227044987 0.5753314824850866 -0.2372975991066443
 -0.4621051496292912 0.2400287180088836 0.03691639522258416
 -0.4784497160727284 0.4582893066671055 -0.07583774250440917
 -0.3025031438561423 0.2894077696632357 0.0120288692862871
 -0.6458118685327844 0.6482736672692498 -0.1752093802345058
 -0.5038172231913516 0.4130393451388559 0.06361951822112422
 -0.5936574287768754 0.05048699540917706 -0.08884150675195446
 -0.2105896158953863 0.1839888223086007 0.2217194570135747
 -0.304510176897419 0.1055023671985264 0.4923653125900318
 -0.3695566506829635 0.2471557217943387 0.2480480480480481
 -0.4558301827531583 0.4593064853861663 -0.1211637395777896
 -0.3705356681160802 0.4547483199606438 -0.006875934230194308
 -0.3855200528063804 0.489701380014733 0.06229310863677405
 0.2777499168382653 0.1102182209675656 0.4125269978401727
 -0.5768185346383449 0.5887527112170693 0.01177425903369872
 -0.2342623974937705 0.1721433797313775 0.5142918547173867
 -0.1313854904335478 0.211791752717801 0.5641285956006767
 -0.3275863298480191 0.2266216988730853 0.2956989247311829
 -0.3921088570754667 0.5910736752406157 -0.2184057031756319
 -0.6033669587002682 0.4947008696209164 0.01176470588235296
 -0.4678912013733954 0.371405162672102 0.1258599757183327
 -0.5453849378897685 0.5256246140531827 -0.1771539206195547
 -0.2733566233740527 0.3823419438042306 -0.08096280087527349
 0.1317254336225765 0.07943747523804233 0.220032840722496
 -0.1082312540996455 0.2848646607902671 0.3778720395899611
 -0.4611103935972494 0.5260734600985193 -0.08996359854394176
 -0.2063285096512829 0.3015570525672595 0.3244060475161987
 -0.2539626754537488 0.3651535877638098 0.2097770615095353
 -0.4909599251001134 0.4092694217556686 0.1142237785559446
 -0.3678884366913536 0.3440817026688595 0.2662110858010631
 -0.3963090409807893 0.4233343188804601 0.2086450540315877
 -0.4365988661905202 0.6038672629777975 -0.2962962962962963
 -0.1641765957045773 0.2707033944441885 0.3358915323612177
 -0.2631077202144284 0.267420961529419 0.1815460468392323
 -0.3110701697890293 0.07463680402345468 0.305521472392638
 -0.2534771784117988 -0.1792502165092783 0.3849129593810445
 -0.3021965443688701 0.2596400272592464 0.308012198502911
 -0.3915780561306442 0.4246885905304168 0.2118652022904346
 -0.2444526237731946 0.2328711119869857 0.4690982776089159
 -0.1475195599750945 0.2678326437252741 0.3074170060471431
 -0.1108272287794912 0.117363955409917 0.621057738961669
 -0.004135111597700263 0.1169108824440713 0.6691221608348681
 -0.05733436228172696 0.191344799422149 0.496897913141568
 -0.2244852292911099 0.2107971055538471 0.2394523609946913
 -0.3743224704532018 0.2923540462663693 0.06971556051310651
 -0.3469572828525192 0.1362022391363195 0.2262218320163887
 -0.4223075233388369 0.3066504378013163 -0.1938488195798137
 -0.1565518997139424 0.135836147388846 0.2311223873384077
 -0.2408448909350303 0.1026020835821878 -0.06790123456790123
 -0.296863240060862 0.313055780427818 0.1101762820512821
 -0.02500917051159124 0.2159242468113443 0.1291343111878056
 -0.3542807870588423 0.4615808820641189 -0.04043545878693623
 -0.3785120296880745 0.1817524724052869 -0.1899251191286589
 -0.1262926366183173 -0.03230741866980208 0.03117505995203843
 -0.1949842581319943 -0.04758544394887956 0.257995735607676
 -0.5392533388962967 -0.0944455000326847 0.06396588486140725
 -0.3484003735372234 0.1650567550159306 0.03548574752763238
 -0.5163361681051257 0.2173055937247684 0.1217712177121771
 -0.3430460455120805 0.2514104580122782 -0.08105515587529975
 -0.537412638377305 0.1504755387456453 0.05341201392041156
 -0.3970567401889299 -0.002919534854330358 0.1728247914183552
 -0.1375677347176352 0.008553434282961792 0.3633056889276881
 0.1390222895099305 -0.1521636999611179 0.2138924184667514
 -0.0993223839524723 0.2186202194261122 -0.03884924680031712
 -0.2041982374806545 0.3885397523035385 -0.05214761040532359
 0.5781994588306457 0.1103768878425127 -0.1721874067442554
 -0.01505909123618392 0.1619770545160266 0.00374868795921432
 -0.382792808823175 0.2348628400433282 -0.2486274509803921
 -0.5117261043140982 0.4550964549433227 -0.2669188734762505
 -0.3421419218977471 0.05497017027720033 0.1023408783130199
 0.005135198622186976 -0.005135198622186976 -0.2721174004192872


