# Created by Octave 4.0.3, Tue Feb 14 23:49:13 2017 CET <dis@MMMarkidis>
# name: x2
# type: matrix
# rows: 1000
# columns: 3
 0.5563701972035624 -0.02746805536074789 0.4764956598583079
 0.5080652693053517 -0.02468058617508031 0.508679862515881
 0.3699101147939285 -0.01768378764581296 0.624629455847827
 0.1858003452418199 -0.007949026537035483 0.8155007363617118
 0.2174313823491683 -0.03144192568601288 0.7172909051838043
 -0.1569838573253625 0.4059665070667754 0.03069166734309189
 -0.4478814230681581 0.631419888523451 -0.1947909296517688
 -0.4999773378463463 0.6707628937589699 -0.2884261981336743
 0.2265255510079163 0.3481106603406455 -0.328139458422065
 0.3801875019898635 0.1115721491723988 0.2551922529379265
 0.246353489906038 -0.03945821800412858 0.7010099822363687
 0.02749416143628537 0.08358751011912383 0.7172351008124855
 0.09849179040243336 0.05845591580866821 0.6935737968717628
 0.03453814904048687 0.1916610368504557 0.3176371136519004
 0.3719211371031904 0.1348806413649927 0.09261877888410627
 0.2865608249016723 -0.01182831392269589 0.6894443998061489
 0.2172544167779526 -0.01127259257538624 0.7947619265481156
 0.2429676855236585 0.05465936001186722 0.5980471459439133
 -0.2099023298319109 0.4998074344550776 -0.06953327696007722
 -0.2152838436117167 0.5363688269788658 -0.1439694497814042
 -0.1220006665478768 0.3486967129494057 0.140509369376981
 0.3904621467320553 0.1679745574081624 -0.2297845536417607
 -0.03785379735707873 0.5104262062242374 -0.318043922842745
 -0.006035593899800186 0.3814007619914158 0.02519734184412917
 0.7206903417849695 -0.02286821644163328 0.3486853664480806
 -0.03421918151930654 0.4316738814343571 -0.03111136057522083
 0.1880060097839084 -0.0001943694981359236 0.8397933319010422
 0.2724342176830141 0.006129779986379974 0.7609422409152558
 0.06816118682119662 0.3360436916492063 0.1118401011681638
 -0.2309474981109463 0.4571913811890831 0.06239094755591014
 -0.1044416992503733 0.4217099132850049 0.02156110929897354
 0.1020504492619483 0.1350561542076597 0.5817321624148367
 0.08357159575295992 0.0521657094508922 0.6945186560027253
 0.2140774649719008 0.01332931185205461 0.7472171225180447
 0.3534700318297122 -0.01318226808588912 0.6789757957342825
 0.05786882813754675 0.1231359821181254 0.6451567034562623
 0.4379966336026275 -0.003377857495502038 0.6328605944477046
 0.1913075100519876 0.01699514850481953 0.8018066979945531
 0.1806991288925496 0.01703860960297746 0.7988239549033535
 0.01238055798873287 0.2545186654766388 0.3610266782686904
 -0.1500152267674735 0.3220159051242988 0.3337089010888873
 0.3792195468833096 0.3035470011728279 -0.05328743305353871
 0.7050092237267539 0.1471113685942448 -0.08414410047220974
 0.2917289957608696 0.2874827354391475 -0.1141252244511875
 1.027106588372498 0.02499758339632422 -0.01752053323146302
 -0.4052080168012577 0.5294356937058723 0.01844558731305803
 0.3190759729882009 0.03227586203273177 0.6597501043052632
 0.4965054408519485 0.03477042506726865 0.5092896361453094
 0.3153727034762691 0.0169556280314857 0.6684985550023813
 -0.08626719857298118 0.3788001147107676 0.1313378548596819
 -0.6516264959310385 0.6899149273202324 -0.1883569063548056
 0.04034695645721377 0.1178047889506404 0.5459566909503318
 0.2516710744469451 0.03279604456215869 0.7095306280089432
 0.6329439904087766 -0.004565894634091447 0.3564359653907858
 0.3830088083837439 0.04556960210761971 0.2046950788370038
 0.6384108099750184 0.007118083920609239 -0.1403494410943454
 0.1325988184036474 0.4433054761331767 -0.3054855710802213
 -0.2376654856919589 0.175005621287887 0.4412950346145877
 -0.3008726854269748 0.3235403200660477 0.384815094103497
 -0.06998497616302475 0.273404612671112 0.3770599845295205
 0.1060236025416939 0.4298054230099642 -0.1603334251231175
 0.7406787990458634 -0.06517402540551148 0.19424656165486
 -0.6564290975565987 0.6546940391304643 -0.2532132168512727
 -0.02633596863557239 0.2599530507648458 -0.3329968890586686
 -0.2300569245524017 0.5429410828855126 -0.1421732097217602
 0.4917203651188515 0.01681886701041456 0.5269874811267212
 -0.2332982893259249 0.3830868068804818 0.1552515534021975
 -0.4354196170017217 0.4464502370997273 0.01894634763706889
 0.04611508429755512 -0.01425852868817082 0.7593567801603149
 0.9277109759108179 -0.01730773693778286 0.1100003322333908
 0.294301189371798 -0.006628950814440628 0.709638315120022
 -0.3489214950891464 0.3719625304116905 0.3638272108378398
 -0.3639428318777156 0.6498525429876304 -0.3107247772317435
 0.2442901696949409 0.1838300051436704 0.3476654487381782
 0.05343929693254847 0.2359933539332563 0.3620211027914993
 0.5407226722277805 0.01464571280850977 0.4111560686220878
 -0.03815527489497216 0.1675294520222949 0.5361506411417739
 -0.1047680857476152 0.1796144086297531 0.6267329837862988
 -0.3364128289580177 0.326085358185172 0.4275505078303428
 -0.30666220041269 0.3468515217528722 0.3476341669829137
 -0.5883558835921572 0.5966346773494062 -0.05740374944758676
 -0.564688569160828 0.6143905071128652 -0.06183635273627083
 0.03322173277957896 -0.04252696406987078 0.7284766488086383
 -0.003976612063974427 -0.294438981189524 0.1281828860576489
 -0.2198830100358577 -0.2755098742768959 -0.04413372444263283
 0.0201869805467105 -0.01591465731379703 0.8131680449926976
 -0.04949470725484392 -0.02881237644935759 0.9121181660123183
 -0.4707875399605057 0.4872165753410303 0.05988997634866178
 -0.7462243031653762 0.7332182123874907 -0.2909843796297212
 -0.6568157914832264 0.5863530485922893 -0.1132497526038885
 -0.573775477601427 0.5103156338663452 -0.3263780538675962
 -0.06346608317572511 0.001288268171606072 0.8364386033100082
 -0.3253110683005446 0.2346984929263779 0.4421152314163071
 -0.3378867400518172 0.2912808850406629 0.4480148175723407
 -0.7885513771998456 -0.7033299015324617 -0.333090214387389
 -0.2883553629579012 -0.1034472463230896 0.5272679291724163
 -0.2499852097161042 0.1057652218566843 0.5536262930256655
 -0.5480551269358229 -0.1005499705681497 0.09850496771323425
 -0.6140643770027183 0.5280490847232385 -0.3267889033885719
 0.8215374236095745 0.0293073939339769 -0.04346845543581959
 -0.47828361491194 0.4267444073600764 0.2189493497335232
 -0.6098094433007782 0.3746446796316017 0.003684352249174315
 -0.5570861755881698 0.0118304120125432 -0.005075427321618503
 -0.8118965437042667 0.2005447788658134 -0.3309560063526368
 -0.1782285121337094 0.02191010993995984 0.7089281899018817
 -0.6897906314736149 0.4247444113736244 -0.129374182212317
 -0.3438887634358428 0.2733909612802738 0.4282771938413457
 -0.1923309208598565 0.1720377327736286 0.6848964930144311
 -0.1813531281054672 0.1126845338145004 0.6563082774033111
 -0.2268562131945361 0.06391654403519471 0.62607404026284
 -0.3701239706947935 0.006784054365178566 0.3521668266628388
 -0.2471771421175466 -0.2577562954947505 0.5586503009883685
 -0.8140270382086645 0.7139526781791961 -0.3303087735534803
 -0.06556340422809409 -0.01004453268118433 0.7789810954857328
 -0.06562822105156155 -0.009600667828090138 0.87057189906171
 -0.04810225374774414 0.01886883986789964 0.9213988420924643
 -0.2005160577889065 0.1846768222958411 0.6415202128894703
 -0.1868581182111345 0.00758020698474017 0.6868666258586683
 -0.02663028144300358 -0.0178025564490164 0.943539752951614
 0.006627337763919669 -0.01303387412048846 0.9595594299486568
 -0.1589111922284994 0.1303583700246078 0.681873372036112
 -0.02902759872877983 0.04656019185510193 0.7337041430437066
 -0.3865925704314947 0.3894925641752587 0.3408722751123731
 -0.2419274700778327 0.2230048671303229 0.5886977241070426
 -0.105642779982505 -0.009495644105269423 0.8260053422854587
 -0.1101692463600314 0.05837151774979232 0.7543011866636431
 -0.6145158042331084 0.5464828779417183 -0.00662856321844071
 -0.6248376676062317 0.6004301600619811 -0.02307521293726977
 -0.6007974116195842 0.5561645504765357 0.01792857100654401
 -0.786048152476611 0.779768211321438 -0.2975353030747921
 -0.7965433503819431 0.7708593872093692 -0.3112452845700612
 -0.3879085760981034 0.2863440659671 0.3665318189877704
 -0.4496549399981963 -0.02584751967185994 0.1000856194247348
 -0.6493657277117656 0.6234876582095757 -0.1293563778715188
 -0.5779211079692241 0.5355642966901969 0.0491662149535123
 -0.2358353948823756 0.1932447001570191 0.6114151916450264
 -0.1145406152844657 0.08987089708036347 0.7862679580032905
 -0.3525232000653286 0.3548103532954687 0.4185072652058081
 -0.5079138085032514 0.5089400034378336 0.1253254751722432
 0.12971154166799 0.3076420077798784 -0.3157090793306569
 -0.6215456463929521 0.6165363372197511 -0.02479599149126609
 -0.3015665550406998 0.3694274064987091 0.3265439106728223
 -0.149338967435181 0.134970797300974 0.699831457218429
 -0.1405475462793404 -0.09844488745652483 0.7618639057251251
 -0.711267138296845 0.6965105586641303 -0.1617955905116513
 -0.5294319586139601 0.5249074740048503 0.1343238816200101
 -0.7801658151435519 0.6948871340819842 -0.283083635703404
 -0.703684884893794 0.6104922830790827 -0.319385447180259
 -0.7220223224265351 0.6798991201295502 -0.2468282464030183
 -0.607971874776332 0.4882293076413832 -0.2736121940954425
 -0.2375847557471062 -0.4847299287745407 -0.02978022125463994
 -0.4919945135928638 0.381552676259829 0.1002096242640142
 -0.3729372617240965 0.244202878656745 0.3075479217185701
 -0.5723785914669609 0.367783744488812 -0.1249686538511996
 -0.7774709213215287 0.7187722172621109 -0.27559560945569
 -0.4585401654749064 0.3902002656795632 0.08685437278173749
 -0.07577647358878507 0.001805708381981339 0.6049579994447977
 -0.3205448542276779 0.1428080867098979 0.4700830685740848
 -0.3613788362928553 -0.4643293620305709 0.1178392339339082
 -0.4341694894422581 -0.03237048881784069 0.1211592233681516
 -0.6641321310528328 0.5630693160205742 -0.1599170066922763
 -0.6099689635505057 0.5645825212691717 -0.0153761229549409
 -0.6420358163743431 0.5325511478353965 -0.1575565496763311
 -0.5933400462298224 0.455400344957084 -0.2422300595370744
 -0.4574761675896843 0.01649931841823038 0.0568461302279353
 -0.6463460712857716 0.5806282612960711 -0.1498834446448892
 -0.7210879299448467 0.7165259984032082 -0.2949263970756922
 -0.7512843650953362 0.5964316458569008 -0.2305367110347789
 -0.7200313001057089 0.5704376486637814 -0.3328151647225628
 -0.8078582631987236 0.7541797655468973 -0.3296570712078916
 -0.6032728710125724 0.5660630366710855 -0.03237399137023952
 -0.4788290323872463 0.5020241612169755 0.03465946538728309
 -0.6048508715026033 0.6074793006474342 -0.01608496230305914
 -0.3586425919516541 0.3925628246182371 0.3285670194297235
 -0.7261534765464811 0.674967435204928 -0.2375010436790478
 -0.2560081319593369 -0.4839449696597297 0.01863845208871179
 0.02319916114262562 -0.07467307364584726 0.7729138996537064
 -0.2663655255376164 0.1983133130983323 0.4631400954532421
 -0.4739622039897299 0.3262741261192544 -0.06169978359461156
 -0.09675481153395503 -0.03251085884775184 0.6744683434392414
 -0.5511562876996926 0.3762663323266954 0.09568174664985674
 -0.1362376941124239 -0.1215908517260197 0.7653162114822162
 -0.8042361533736958 0.5287882552262093 -0.3330824313480469
 -0.7579789650090976 -0.2383741181645022 -0.2853028274715022
 -0.2206142127834783 0.02955623249057319 0.6182581604321558
 -0.2323790607489544 -0.2377981424954466 0.5754383180514175
 -0.05181859289079535 -0.2585175283593898 0.4090736698778354
 -0.391678806187104 0.3091371537130664 0.3603703467311352
 -0.4424282464064503 0.4517842028265265 0.100558686609772
 -0.7097066641879488 0.7367156081500639 -0.2765094628396345
 -0.7477202754731554 0.7098955043981127 -0.3106906828414527
 -0.7908839572322168 0.6626840457557148 -0.319678598947896
 -0.4172509704378565 -0.06458260563503293 -0.2818491512973343
 -0.5208601898817474 0.3017623201837592 0.05371734131923808
 -0.6414040272117005 0.4911818840651684 -0.04939934220920045
 -0.3333961006948946 0.368050481184084 0.1576421629705435
 -0.1230401435666063 0.08985214438091731 0.6647876014932819
 -0.1196372884959701 -0.039885256288307 0.688383737408412
 -0.6604522979501148 0.6806345276019629 -0.3004534304882912
 -0.295743368903007 0.1818523869987956 0.4197138868212403
 -0.08524262251878831 0.05504545834309753 0.6565786452232333
 -0.05126358810792762 -0.03994941266198972 0.9161526120945866
 -0.2634246178829117 -0.03058571096301656 0.5643219796269499
 -0.1588864675771642 0.04220420037744073 0.5763496420937154
 -0.06467281096149974 -0.2592218905280787 0.4073196256955594
 -0.01608036074332242 -0.3169139381933045 0.1291198434349564
 -0.1958989800488002 -0.1791959759697227 0.01373229628967521
 -0.1845302114854885 -0.2747348061818687 0.397789735578314
 -0.2431656400819202 0.2227339197756945 0.3909923242658722
 -0.4454299536908771 0.4194054338419235 0.08205660637698253
 -0.6047271566781042 0.671350116900201 -0.2712413934956349
 -0.4187102181571133 0.6267568852358569 -0.3100465023862412
 0.5046093324855855 0.2166581277534957 -0.3125198656228148
 -0.3440992597046446 -0.1300675990503275 -0.3226545699874015
 -0.4978699215595753 0.3629354866910496 0.1461579511511352
 -0.3630909396253322 -0.1418944891066254 0.2928264020009926
 -0.5715701708746737 0.4406371261692054 -0.2513168015110358
 -0.7420607041708542 0.5240118980479096 -0.2516436859208724
 -0.5769048675095632 0.4945005688711265 -0.1794734714211112
 0.01370568939082761 0.07202996042374898 0.5430859970664832
 -0.05217037637197032 0.07827854710261273 0.7811703213326238
 -0.03345287947053965 0.1540114945142788 0.5312408112267825
 -0.2737490187234474 0.2949158919871078 0.3893087258681381
 -0.3313737317739052 0.2747275614299485 0.09324270136784074
 0.1240946429241601 0.01618346004429674 0.1859992902446639
 0.4450898096037477 0.02872983982705321 -0.330628406445053
 0.3760030094117103 -0.1429538864305105 0.3382379693483874
 0.5429250746305281 -0.02730806845869843 0.1724919729403068
 0.2758914392387663 -0.1510691873056296 -0.1078738601394653
 -0.0998287248610612 -0.4271740784752388 0.02114734903551585
 0.1571120988997546 0.09164037726956295 -0.1065625046221254
 -0.7005428729624678 0.4679804583973795 -0.2072076799220733
 -0.7573362987328918 0.5921854156239258 -0.3182321384334859
 -0.6215415655247416 0.5549486567797316 -0.1960315469832423
 -0.4195704500429804 0.412852465040086 0.09261978418908261
 -0.7851953491696549 0.7229744373474339 -0.3235894764672307
 -0.4057523148744398 0.2272923251813054 -0.1099929811024648
 0.05573849947769546 -0.1321532398042687 0.4956378773037158
 0.05702698577897354 -0.07266487100698533 0.6340114164644903
 -0.07097485073446258 -0.1718156979393064 0.6198426942299187
 0.1509466863433426 -0.1468631319093233 0.08201728786569523
 -0.4546428178485651 0.3474478797523863 -0.2044979715882729
 -0.3597994048168439 0.01202193715378475 -0.3280807422194971
 -0.3084793572323963 -0.2396642719655683 0.2448589271067305
 -0.1403153014762038 -0.05728398292124304 0.6991273133596105
 -0.6205143286267765 0.4233274298991403 -0.0196936901284107
 -0.7651074885221484 0.7415184958949537 -0.2745969471723818
 -0.5753920715237631 0.5700626097907121 -0.06673031637507616
 0.3222928033216023 0.1711564338194279 -0.2079816090326899
 0.5239013385564848 -0.2716446093980534 -0.09355004864648311
 -0.1259706815611897 -0.04666604473063325 0.6038789615240705
 -0.6265116882936281 0.5383214676210633 -0.1552121613197044
 -0.4023833953515364 0.2920614941521107 0.1284693794948102
 -0.01275452705818967 -0.03957173779592181 0.8878121784643622
 -0.004382155203110194 -0.08017839736562823 0.6838541078080809
 -0.0003735197772603421 -0.0001246948821629068 0.865453559085955
 0.08653652197074849 0.1497672775035608 0.2663681656608481
 -0.06204632153552966 -0.05692825266603516 0.3188416255381317
 -0.06278963804498425 -0.1762694426399056 0.1150675583488621
 -0.1999572163265335 0.1659772025844443 0.5936655026371255
 -0.5895215048686648 0.5820717274352215 0.006875492655638062
 -0.5020453838218213 0.6061220575681683 -0.2461437116310462
 -0.5138329248023499 0.4707908340794136 -0.09051094613707984
 -0.373792035340813 0.2953985882869993 0.3079340398385828
 -0.2429904613918726 0.238465751983237 0.4147437573352685
 -0.1137819104019902 0.1855019153852556 0.3497460662916945
 -0.20249832208677 0.3158414213494571 0.2237527274674378
 0.3049245004951943 0.0183477925603264 0.4262260670759302
 0.4690091880165986 -0.1055225909116927 -0.01607709090009815
 0.1360184530482717 -0.1894098541952358 0.09789662202360469
 -0.2662556161226083 -0.1034623403624689 -0.01319484750106503
 -0.6335599694028808 -0.5714090325903844 -0.1964275864015322
 -0.6013706233865651 -0.2159730583540199 -0.3253787106251792
 -0.5241751243191304 0.5088520800597376 -0.03304166465453184
 -0.4673224127631789 0.5235285706806042 -0.2585531593410204
 0.09010824761711234 -0.2403901529961157 0.1752430946131734
 -0.39981785068359 0.2106638283154421 0.3231909932289823
 -0.511173478884834 0.4561019045434412 0.1028190457510826
 -0.06758361885738909 -0.2418533594658975 0.3940588957506829
 -0.484785200546505 0.5046562697018822 -0.333170877345368
 0.4785210594009155 -0.3322415693923276 -0.2384423884368149
 -0.2149529423616603 -0.1037445511356691 -0.2982505958927607
 -0.2678418355890823 0.4899637953555953 -0.1513934552165226
 0.1486319878864919 -0.05974360181602426 0.1191114308536958
 -0.2170630092320475 0.2476849465025265 0.3648574254596809
 -0.3174772825143014 0.2819907435481858 0.3657454541068603
 -0.4995591586878268 0.5729354258884291 -0.01903092565632479
 0.1828616395902551 0.006990054017382509 0.7579867156420085
 0.4287742884432755 -0.01498922418067825 0.5617771731610821
 0.3044149073451331 0.07488942483408717 0.1290769140175981
 -0.4404353127660207 0.5424155110085782 -0.1627856351793172
 -0.6012211864697345 0.643037747269541 -0.2905597980224846
 -0.6960398286214855 0.7450592455551961 -0.3326895863356572
 -0.6669741683417942 0.7294800344856228 -0.3320266128900364
 -0.3490386150502287 0.3806873212163721 -0.3321625185334808
 -0.5319520195014075 0.5734651348316833 -0.324144077671786
 -0.5969385920981277 0.6813807221558145 -0.2542126150904329
 -0.7087509436163801 0.6846216897995556 -0.3330812840520834
 -0.4922473315877794 0.4831416196865864 -0.3328257754796686
 -0.3478416252974531 0.2725631470888225 -0.2436311692623128
 -0.3597390879930484 0.4214363581907443 -0.03062097466470446
 0.2488374158156167 -0.01854055387746592 0.559345807102431
 -0.2356015096730977 0.2464071845375458 0.204894019786846
 -0.4186684790577618 0.5336252152860784 -0.2114612714558513
 0.1090284392158352 0.2750541836822062 0.1389680715919092
 -0.3946193903293747 0.4191144362339779 0.2351977591821595
 0.03992182171228512 -0.005369871882040106 0.1744889148710047
 -0.0159748706244483 -0.1813832183949856 0.4640249735178611
 0.0843082409247454 0.06801239916604451 0.4970893063780168
 0.2147387948849091 -0.07451716586683661 0.6185373745367172
 0.2484909179101085 -0.2974719880126601 0.02540484976113633
 0.387286915071583 -0.2083366216945302 0.1730346998277092
 0.008747779626423931 0.2238692335382004 0.32975360779039
 -0.3667842024866947 0.4233098298710383 0.1626717428192789
 -0.6810786359902364 0.7424136713892148 -0.331740300353601
 -0.4365926757403326 0.6335966362872478 -0.240348905517585
 -0.4160127554614236 0.5313753743538544 -0.07002056927010195
 -0.2098719543905355 0.4779754539596611 -0.1420085335675416
 0.04110419173101956 0.4489321362113465 -0.2172676076116745
 0.1523740395437359 0.4503317046109921 -0.3310612759953498
 -0.3397456268253815 0.5325275488156499 -0.05070085952539956
 -0.5699918700598836 0.717374003001417 -0.3149977675853391
 -0.6321745530551239 0.6922052380710447 -0.2535162286494907
 -0.571748492421038 0.6199480788024703 -0.3330679962413527
 -0.735919828038831 0.7661235254982252 -0.3327940657658248
 -0.3516231452565756 0.5003634549048506 0.04203056927332627
 -0.2972161125295902 0.4568595420909315 0.07435005800284555
 -0.3353580944403671 0.5497901214689218 -0.3319089751120854
 -0.4979532941728518 0.6104782214789112 -0.2920687328601911
 -0.06662645615777897 0.4229000122871183 -0.3330995166164123
 -0.1561037409448903 0.5396814786546674 -0.2037086150402523
 0.3189595307723825 0.148616227861383 0.3356695482215764
 0.5735182066863328 -0.01710113157721709 0.4871424314846052
 0.2021582938487036 0.2121079439258089 0.2348923494892036
 -0.01878217270607339 0.5322780539307126 -0.3105860389490211
 0.3261103904945374 0.3137271938732877 -0.0350419499976691
 1.339428410006311 -0.08285311500479904 -0.2987714178623468
 1.553067614518159 0.0003030945333322993 -0.2696024611387939
 0.51544620492496 0.0171861836589861 0.2364427082931248
 -0.1338074831815357 0.4446617185935725 -0.0316119857910928
 0.2566362858583832 0.4303442013560472 -0.2725890801136679
 1.064368499802167 0.03305835692107997 0.04937760905721897
 0.7949634133491434 0.1698152800602477 -0.08785729310406525
 0.4957513605656368 0.0449163478944299 0.2346586118519996
 -0.5959672665150034 0.6832529048768373 -0.3263397189291775
 -0.06309802432383302 0.2515273827502473 0.08189151616263311
 0.1590261901595965 0.2293299525727317 0.1800371825026066
 0.674630822048171 0.04223229374087553 0.1007945439045183
 0.6498730091883727 0.02598060610067475 0.1877671463143804
 -0.1977621951303767 0.4178440180163354 0.1023354392551159
 0.07494637850438285 0.3270838638038959 0.1191884012596794
 1.360439955510234 0.02805849001968792 -0.2310865889335792
 0.4978475120294416 0.08965535505909823 0.2487432969521906
 -0.5783279651485514 0.6105602874391594 -0.1699431006638522
 -0.5880750826420489 0.7066033942300288 -0.2579304788519416
 1.251215482422078 0.04531732191414035 -0.3306572408743388
 -0.3008434654234174 0.5217274292913422 -0.05528030099876223
 -0.3314832196485593 0.4008827442125908 0.257721685349905
 0.107925092193625 0.01675146224693271 0.8332138004670115
 -0.02219583897479854 0.2563686661707336 -0.2456730378470521
 -0.1771165721274892 0.4489245897511271 0.006409750887976323
 -0.1711487563724581 0.3636497511682311 0.1372386427153844
 -0.3188769597741994 0.4088774471169904 0.1305539114631726
 0.2996980631749205 0.2086016483757982 -0.1340183926486601
 1.462201520943582 0.0250843803664432 -0.2729515830452355
 -0.3685107017096624 0.5133494318529848 0.04341302784702683
 0.1642869478001946 0.3951860658830164 -0.1912742128972156
 0.4445108368282319 0.1597591976023121 -0.1552156614287906
 -0.25842480762446 0.5803162961591563 -0.2290144190140138
 -0.542480639980754 0.6062047790925896 -0.04278471418454714
 -0.01467162063218183 0.1287842255491515 0.6960215788342921
 -0.336213235433584 0.4095356351440443 0.2270875256552312
 0.157250269029002 -0.0002671077914798322 0.8697469492507885
 0.01388316507442477 0.03674054277081388 0.8612304915121642
 -0.4739617504127736 0.5014906858996535 0.1278819502097356
 -0.4056427997964412 0.5174210241889357 0.0196999108787556
 -0.4952437246274002 0.5939192549585749 -0.1683795081965742
 -0.7799450573214112 0.7521744839872125 -0.3247810556128556
 -0.5157211117310156 0.5242172381751942 0.1090968442799358
 -0.7944135487146692 0.7837619804526698 -0.2980685478687066
 -0.3531466679719742 0.3697435616203139 0.3677210614393081
 -0.3905047901172796 0.4157355014908274 0.2943408317417803
 -0.3726454490581822 0.3754427077628398 0.38400673089786
 -0.3910811197025816 0.3880943133963099 0.3611618940210197
 -0.3905696385777134 0.3636442335944319 0.3483039052556686
 -0.0437067907246074 0.04924134057127524 0.8725839110428063
 0.01944205685813415 0.006443972248359474 0.931736269832675
 -0.122106896808458 0.1571104172266163 0.5011963177216959
 -0.6450006505788374 0.6747097795664112 -0.2444992726946092
 -0.2088263262372206 0.1680998611194728 0.6287094900695478
 -0.3541396369045991 0.3513585265725712 0.4156570200966942
 -0.1906543183790299 0.1688537011680288 0.6476657456087388
 -0.6250060205342077 0.6240408596438991 -0.04080788519356035
 -0.7583990862403523 0.7706321015832225 -0.2699640321551464
 -0.8074390672838871 0.800377418763266 -0.3185588672787937
 -0.7325867859834451 0.7349365336670698 -0.2557527084567862
 -0.4856280865577566 0.4517306799416259 0.2049034479864302
 -0.4493162907497768 0.4697745804709628 0.1893983151671612
 -0.3096291777610651 0.295022209305194 0.4901116161774658
 -0.286790090851942 0.2667518657457471 0.5189772913184398
 -0.0255135984016129 0.02331347288499706 0.9502736877713912
 -0.01083826413931997 0.01032222913233393 0.9592285655342586
 -0.099301222807329 0.08103324966760207 0.8331939766299041
 -0.2432005013268769 0.08274708673787057 0.5840619469608752
 -0.4447063494167466 0.4372877007517451 0.2455091310594678
 -0.01343155725231677 0.2607981730109114 0.2692822826963892
 -0.4284205622103967 0.4318322746071251 0.2910528284595802
 -0.6891342742191466 0.7289548841030341 -0.2229071682658388
 -0.6598394884526069 0.6587593855517431 -0.08097390627303641
 -0.4999537535887967 0.5317943653050992 0.09598108020455251
 -0.08488426355055617 0.05632555486050093 0.8533895196249659
 -0.7083247663956068 0.713476669732688 -0.1705660173344198
 -0.7243670408136335 0.6137372129692334 -0.1989365901183182
 -0.8047110419269976 0.7889430220006832 -0.3327291210903121
 -0.6866918075623655 0.6569648089519666 -0.1861882973235811
 -0.589716044757284 0.4521832252294976 -0.03686199017315242
 -0.2693822398739923 0.3416206439659867 0.3031371530721975
 -0.2596467432409211 0.2936668877274464 0.441690980308181
 -0.1505270588137215 0.1462849632175397 0.7408305241605826
 -0.513450379979638 0.5385456765006126 0.0997902338717626
 -0.5813266854841624 0.5993450748104132 -0.05842201599564364
 -0.09308925980416503 0.1400219397126809 0.1652392727339518
 -0.2715255643023045 0.2408705369975871 0.5486129312202594
 -0.2542558996466384 0.219358099657648 0.5559773176714876
 -0.4538791574037938 0.429710035608065 0.2448524468433767
 -0.04514745926374569 0.03149755516821185 0.9259318505542611
 -0.05523242067056717 0.07930283694001138 0.819292407148232
 0.0837236682967222 -0.05019610147027599 0.7931310165044119
 -0.504173664026738 0.6742109023822147 -0.3263409083984159
 -0.5016873094862913 0.5901344820601032 -0.3159690059022148
 -0.3721295988783902 0.5055256766566167 0.03868424990330348
 0.1863774006124998 0.01530820538911703 0.8001168508051545
 0.13983986693327 0.1356788756838477 0.5467375265424619
 -0.1818255507658338 0.401684966608381 0.1343552328504449
 -0.5340284106307137 0.6568593315748303 -0.2613236746236324
 0.2842673641207399 0.1516963592524821 0.2427025088968499
 -0.2721035528256827 0.5250351755442654 -0.1417430242959038
 -0.501733969184338 0.4342109550389403 0.09809155401108124
 -0.5577215295619078 0.6448268208156922 -0.1819434751244803
 -0.1640711515458389 -0.3244790571146991 -0.1686973840190318
 -0.1560274867902729 0.125250850622954 -0.3274926498155054
 -0.5140454658095036 -0.4773532896771069 0.06900520161037269
 0.3682851274382293 -0.04091622843806125 -0.3110021134904494
 0.4843911450625219 -0.1605965529912333 0.05981001191543112
 -0.2764154609347576 0.4247470355181612 -0.2036803070026267
 -0.07991869679578512 0.2536154048606641 0.3709173407402959
 0.2746687112115068 -0.03060824824069053 0.4515017526691159
 -0.4183201356663245 0.5038477188542241 -0.2150713221986165
 -0.005335402887908111 0.17716227706958 0.3769660264191779
 -0.5377571366487667 0.601766451126765 -0.07570976005782502
 0.05126091640205484 0.1506530751910963 0.5733155099323163
 0.8684201597228807 0.1153142674877303 -0.02745457496682038
 -0.01106972454748884 0.3763706346146176 -0.105696651284972
 -0.3181178577112257 0.02194715132337971 0.4793050885663708
 -0.1125231678975205 0.148563423983131 0.6419831158015501
 -0.2380998994898161 0.1790787776115547 0.5616668766529843
 -0.0215950675395642 0.1179607597388038 0.5353419202028464
 0.1464049216268223 0.0235204410717023 0.778733481263818
 -0.07053755526891886 0.127487866093557 0.706162791065594
 0.004542828891921528 -0.0175760067141935 0.9508709310761727
 -0.2011715238051371 0.252650022433769 0.4497141955888752
 -0.3804421534033864 0.3856727260422334 0.2890349036898302
 -0.08949273610483242 0.1858244748194499 0.5985208983040786
 -0.1730852533609409 0.2891229540802848 0.3684013598821971
 -0.3550575547818838 0.3650456873127168 0.3658110291222835
 -0.6673937557675709 0.6422114186605501 -0.1720515724604426
 -0.3460580075154269 0.4314247112072214 -0.2189169300319107
 -0.455163232252208 0.2963149191746791 0.1710361473478536
 -0.712147682733965 0.688831190221192 -0.2611503957342953
 -0.1842907078716114 0.2554708230521225 0.483561585844485
 0.05176329121579136 -0.03178470569996681 0.5919228092271782
 -0.7159441043003214 0.5105199818499722 -0.2398238636089555
 -0.5700378753104952 0.1119440331219191 0.0535431367433811
 -0.1656504121720394 -0.4443370299750938 -0.2557787833401533
 -0.5447501059701865 0.3843868308072831 -0.1970089361155367
 -0.07124865278750057 -0.08617880159550638 0.7410441185882757
 -0.3552251877306263 0.02933167390688271 0.2699739885891634
 -0.2591150678536989 0.1444522204411562 -0.02243296186261357
 -0.05215220962413541 -0.1406180768337398 0.6974889752993829
 -0.02239168244580408 -0.09646993514037927 0.7728487776069458
 0.1026577667394223 -0.05271951313503626 0.7807832429140011
 -0.2004058101979792 0.1865092787317087 0.5700126018597956
 -0.1680834372513536 -0.2960454559446192 0.3744973703126446
 -0.2110320971900819 -0.2587030117410955 -0.1362172091154354
 0.05955991397637139 -0.2166599769285393 0.2452470638082394
 0.008525710264910363 -0.006365718576863494 0.4861540657100551
 -0.1841316772098104 0.1572517516177647 -0.2465284187639735
 -0.6138766273377877 0.6816525492779337 -0.3158155355284761
 -0.363843489945977 0.3738005425204465 -0.08115514895403461
 -0.5601789509708621 0.4834058433236267 0.02670760948287636
 0.08388926830596694 -0.03089650360641656 0.3791025048907513
 -0.1472430397309461 -0.55763277711152 -0.2574509612987899
 -0.6033893260825437 0.2601118241931227 -0.3332739666599731
 -0.2129448227019955 -0.3948361634859859 -0.1816372500290818
 -0.1877100824391364 0.2118267430752145 0.0115187874439758
 -0.3194092794111109 0.4098056214236631 -0.1434446476000197
 0.1368639039903155 -0.1388942650223379 0.5471201431431723
 -0.2531818777043619 0.09087926066707759 0.3932385819199928
 -0.3889375555889651 0.237025297584501 0.2463181088084401
 -0.5083648560597558 0.4035112916208378 0.05828332422904292
 -0.5116868593614337 0.3480177203943663 0.1582173792747778
 -0.05936480362157431 -0.04948048536180599 0.8722579174245383
 -0.2115408338358239 0.127046733397191 0.2463891934774321
 -0.2445185867177053 0.1421324070580566 0.2631707627945777
 -0.0719764800562793 0.001234085448109379 0.6806002651241845
 -0.5862044207914798 0.5216615496236177 -0.1917917944208637
 -0.6100173528155648 0.362600041112548 -0.1045373943565153
 -0.3887618185164138 -0.1553360708219055 0.2575297319172067
 -0.3443931011064372 -0.2890482679880196 0.4158566654518571
 -0.2632044158178819 -0.1942596589486516 0.5701825136696057
 -0.2162173549933034 -0.208545854535909 0.629493451323757
 -0.7581531572937464 0.1058231245977072 -0.2509482524899735
 -0.430511391129293 0.2233140200391096 0.240712053970523
 -0.1859796975994387 0.1326676336897822 0.1044500280839678
 -0.5290317061338873 0.3742262300219201 0.03421769623547596
 -0.5465772742778527 0.4624574229188456 0.04101131113504859
 -0.3342829872309831 0.2083713327976345 0.3669262461921402
 -0.3783770267439757 0.241429454704463 0.3303285804600132
 -0.6693868180386098 0.5671322827079297 -0.1201173770809663
 -0.6598336602423289 0.4885533357830085 -0.1887004704530132
 -0.5922573881408366 0.5497104280364714 -0.04733250273119731
 -0.5838028730269805 0.5149533592378625 -0.2401232280333912
 -0.3107365459468526 0.2549074557460597 0.09989126812538082
 -0.6555767629337881 0.5682607232675783 -0.2620163972922675
 -0.5476538854145081 0.4046957447969046 7.035641344264876e-05
 -0.4808064642264325 0.4059182908349518 -0.1970511876228898
 -0.7092244358754412 0.6806241269157247 -0.2924553703906543
 -0.6775394903316423 0.6684604289100919 -0.178757478107353
 -0.3855233780269018 0.3179404224860563 0.1026060849287732
 -0.07724109731740433 0.08644055619848234 0.5125554268682624
 -0.1100229363102847 0.07497591815701388 0.6523521112298989
 -0.04135091150630341 -0.09332594714534587 0.7849856930605882
 -0.1131345596521151 0.09263943620924847 0.4465971904429417
 -0.462332250858013 0.4305131745211863 0.0534215120279893
 -0.04006407704950204 -0.021612056639151 0.7890378451223098
 0.06850969778681459 0.02188015718955924 0.7146198066573681
 0.02466293457413976 -0.0797839772140729 0.5567515861999081
 -0.2911013206788245 0.2360785759140296 0.3639421496018576
 -0.02504417207680362 -0.03737350535625744 0.5581410898617515
 -0.07108654019083732 0.05619876775847393 0.6326255943190722
 0.04075769447494765 -0.009393624701308879 0.8798523737270737
 0.02884055421629166 -0.02539651889016744 0.9139447636444209
 -0.01997471273952532 -0.01706672653829643 0.4678689757325356
 -0.5676112575987086 0.1607204548224399 -0.3332060928318865
 -0.2403558789098154 -0.002953580531603911 0.3881102862341698
 -0.01427490598257368 -0.05290112217071422 0.8298174242883238
 0.02605751689091786 -0.02543180931817753 0.8659113536809265
 -0.1374248039563018 0.08913141411835573 0.3776677338602333
 -0.2373882102013442 -0.1688797578105988 -0.1797760076074207
 -0.5100733699590817 0.5331719646891209 -0.08246254763243999
 -0.5517315446539726 0.6728312848336556 -0.3332853473471607
 -0.4425369591826589 0.3848058655031209 -0.1592233724628057
 -0.413523352973965 0.4231835920704764 0.2237585242524288
 -0.06437883420748848 0.1873814478333613 0.1448750502637243
 -0.1228820315281911 0.1064085142810307 0.6393011301222302
 -0.1327276871841993 0.06090588084615076 0.3900758536692374
 0.09730540174380656 -0.05653062256456125 0.3460342572091088
 -0.1621635359615036 0.1948931718089148 0.4600833770548315
 -0.02557010875034138 -0.02439506452397509 0.7138299398350314
 0.008300294827196339 -0.01617050092957066 0.5500302411862454
 -0.3620093575007243 0.2759734595253857 -0.01397926835587089
 -0.4731217286938107 0.3810160698219685 -0.003071336016801832
 -0.4848091220909278 0.1611084284756851 0.1506188709979199
 -0.4795291907959225 0.3155007383722793 0.162648413426716
 -0.1139938898530897 -0.02939249646223868 0.7532344394721622
 -0.443345393140449 0.3737639084208861 0.2363661102276496
 -0.6401077124287808 0.5224357239631241 -0.1731310401530718
 -0.6955423671866233 0.521116687674184 -0.2330222787264737
 -0.7517903348543352 0.5769590780656827 -0.2334225208016754
 -0.6372927829247867 0.1008989983155619 -0.07466857288292766
 -0.3308309609003791 -0.1290998580444415 0.4018210958117421
 -0.2076267570225158 -0.2652118448757873 0.5186616022248915
 -0.1708115538973151 -0.2334097178010185 0.5640394480162793
 -0.09722417800307735 -0.1799678651459619 0.5245463744405886
 -0.357306816988583 0.2112972891424385 -0.3333301678441297
 0.2123404688601881 -0.01048486773907467 -0.2533635550574692
 -0.1034852521255659 -0.1710937506166255 0.504294816385793
 -0.1966716358652654 -0.5066092540946157 -0.3308511818411926
 -0.3916261122780719 -0.6648609404632543 -0.3134431276960823
 -0.4518227530381729 -0.07458451804209243 -0.3328456435491924
 -0.7083989759520378 -0.08618845367195516 -0.3323019971814509
 -0.3044259356733648 -0.3754962236535229 0.1278198266853722
 -0.4233232856418404 -0.1010423801331317 -0.31445876157584
 -0.3080784857210377 -0.3722966673451356 -0.2459634390092154
 -0.5927533557025899 0.1417512699001289 -0.3224338910161691
 -0.6102103518396257 -0.5320932726302094 -0.3219222732971165
 -0.6951836006494287 -0.00380574078305751 -0.3331772788300789
 -0.4677361557993527 -0.01301057566677827 -0.008340333297306407
 -0.1613734287845038 -0.4577167713929474 -0.09970084537129489
 -0.4121667205156544 -0.3954959042027779 -0.1859669530988861
 -0.1010237170277176 -0.4340238195725578 0.005670879468769763
 -0.7192951980692464 0.5997838169036962 -0.3324472803137398
 -0.405858023109874 -0.3674637678865832 -0.2614865522357543
 -0.3820421248070421 -0.661755626062637 -0.3333186714097989
 -0.7770740253858373 0.6429478482000461 -0.3050795445569556
 -0.0904504820521794 -0.2266847866329391 0.4337930365216105
 -0.2590998639337195 -0.3415517365219732 0.2264510655518986
 -0.1340887680170806 -0.1221191621796182 0.6811319468414772
 -0.552846770627778 0.01767631697827998 0.07180825045608125
 -0.3337403281663109 -0.2072626568383084 0.3725737982925351
 -0.6717114968056297 0.4210689079837829 -0.1415852962930992
 -0.4143967840651251 -0.2717558189542935 0.2162361327357757
 -0.5453509036265607 -0.3870106330541114 -0.2164719149913232
 -0.4887047741870769 -0.04260092848142905 -0.3203293696680066
 -0.7837000663864893 0.5496042893800281 -0.3241542059823627
 -0.4655508825600032 -0.2387301393535926 0.2351669757785905
 -0.5135238375983018 -0.3850361416753957 0.1464669701475897
 -0.6031212911018182 -0.07776995872036602 -0.08578677960164416
 -0.5224766897539322 -0.2046014685142676 -0.08918400390855585
 -0.2846641276838109 -0.1960596543517437 -0.1454122208087783
 -0.4503195145906778 -0.5277141903676692 0.06669669052712379
 -0.183393068993112 -0.1804496968266774 0.6910544332572082
 -0.3532186938902793 -0.3390145512453772 0.4231666030444948
 -0.285279204823154 -0.2800655547362256 0.5096341773866329
 -0.6713138003010803 -0.1646283949607383 -0.1027706681022351
 -0.5429066631854407 0.1878136451473086 -0.09842689359978077
 -0.5427375454095397 0.4132162539659927 0.08432374622082595
 -0.8079325707514755 0.6135095159857877 -0.3321008449650995
 -0.7560916370868194 -0.7027684488920164 -0.261843679748133
 -0.5639687524468214 -0.2958032166225473 -0.0315537039561147
 -0.4291396979906294 -0.001782071585994277 0.2481823413265335
 -0.1211973928013571 -0.1151302297889638 0.7935650355218008
 -0.1807168410292867 -0.1645418923436484 0.7047902197849992
 -0.3894063587181212 0.2921892586768833 0.3594991779174688
 -0.3074235373515751 0.1909691010795055 0.4853969385639542
 -0.08492589465652962 -0.02632904796157249 0.8236468958403389
 -0.1659806827815823 -0.3333143727639813 0.2964127991898678
 -0.2644704122762841 0.01164539853261612 0.1527614900495684
 -0.352220243910521 -0.5668124149612932 -0.1011629374345703
 -0.1948163487883637 0.05217413839058592 0.6482397076929618
 -0.2890965761925682 0.09345180643697254 0.5247945686295918
 -0.2554167836214153 0.1065291923870421 0.5204298584027511
 -0.5899057642918307 0.4342515541633614 -0.05464522393256736
 -0.7371251624285673 0.3169509965636859 -0.2402852926458902
 -0.7523532611006936 -0.2225987834589471 -0.2820726957399747
 -0.6240800362942831 0.3630520094623651 -0.08858848472202178
 -0.6914614924752134 0.4536745292999867 -0.2038861606125725
 -0.8060492083103636 0.4669544640164914 -0.3171636669403921
 -0.7167576151775439 -0.3889227613534901 -0.3175331594529583
 -0.2879507580309512 -0.4036968021159211 0.2403529928522941
 -0.7885272550462272 0.3329125599326745 -0.3220638370657686
 -0.3283921953292234 0.1433928590722405 0.4528443864535864
 -0.4740442197107959 -0.04139115209797795 0.1371535646702789
 -0.2635916314309642 -0.08836038018275802 0.4832852059282057
 -0.08365490361934008 -0.03274645331824517 0.8447345315427547
 -0.8007481552381289 0.3704159659287132 -0.3098352533008941
 -0.7603887122777723 0.5970771078705108 -0.2562253241813616
 -0.8022012555950719 0.7421563862524897 -0.3100008490544727
 -0.6694379429411916 0.1575108285748736 -0.2828944622960397
 -0.5231271169089317 0.315394472089164 0.1387784088368894
 -0.3139232137298965 -0.09995206656617978 0.468112453061203
 -0.3150494270072144 0.2042204243875757 0.3860671989234526
 -0.1685272585691305 0.0624348406412694 0.6164605112294187
 -0.2524233804691277 0.1264443274593192 0.5668094552927475
 -0.07292984219096206 0.04904286936876417 0.8499695782690948
 -0.02448059412413037 -0.02254083101941866 0.9501838979322481
 -0.04826377105831053 0.008741304420551144 0.9184628463377998
 -0.2437661778952841 0.1180354700629975 0.5890095757578748
 -0.2347929475328225 -0.09306086049629222 0.6165797029797704
 -0.2658627409008295 0.1025919363247454 0.493966678418994
 -0.2106801752943637 0.1162713907602841 0.6084147175332059
 -0.1099924457518224 -0.05252762097056832 0.8197410122199907
 -0.1594718027258871 -0.08065424356137521 0.7269751965079688
 -0.1635984682391907 -0.1559529182491811 0.7320644993971057
 -0.1164188459222859 0.01857138301079334 0.7248555313208812
 -0.2625474349953398 -0.2898433385000788 0.1657095179175023
 -0.6592499138653969 0.374919459540301 -0.1187202560644789
 -0.6860077369786403 0.5427846981493725 -0.1795831010155621
 -0.6150673205635627 0.4576249985241274 -0.06242806874983176
 -0.04075580656974058 0.01832020950032134 0.9055598896952488
 -0.5516575682499917 0.3918094937113246 0.09721772805224008
 -0.7809157383414349 -0.610761601495878 -0.3205952208667819
 -0.5885901607896606 0.2268947111454151 -0.09003633359792965
 -0.3751870097308656 0.495964739834316 0.01893842643057493
 -0.6155780659356331 0.6780846329209377 -0.2819799388420102
 -0.5824521827003128 0.686050687686436 -0.2741629205242805
 -0.6835546161392951 0.6766376423113196 -0.1368694341793014
 -0.4593976851011018 0.3735226152826461 0.1975057920236464
 -0.3946978599214883 -0.2979522603329134 0.2273600229078109
 -0.1600062328113146 0.1336212762886889 0.6792222329007571
 -0.1347137611322695 0.01404565665631778 0.46813020344026
 0.7187794665836142 -0.242823023731043 -0.3303716093325582
 0.06196129335236056 -0.4709698170442253 -0.3333333333333334
 -0.5377639707669036 0.4278771936332076 -0.114277454738075
 -0.6841253380066805 0.6177385262061146 -0.1521021132988724
 -0.8024853289781155 -0.08399580398762285 -0.3139021289694737
 -0.7651709396739197 -0.05596524329459956 -0.331771028140038
 -0.4347842049748028 -0.4353443543160448 0.227225808244862
 0.01697877488830818 -0.3640602711238963 -0.2741005167734173
 -0.7257039616931352 0.6006411629813156 -0.2683205908358038
 -0.4880313319777381 0.3471779958637801 0.1573538438021883
 -0.3068568114650257 -0.01558430050485954 0.3860148075365768
 0.1955829421356987 0.2075441372857443 -0.2603430161038844
 -0.002646754997709687 0.04429053442096934 0.7334719776908625
 -0.1986637621454585 0.100675433879292 0.6655825430329697
 -0.39217482835958 0.1307641583085865 0.2425464980848432
 -0.789815265811913 0.7467514990816004 -0.2933820564976118
 -0.4926863590017348 -0.6032635432033638 -0.1700088527834192
 -0.7332434270882764 0.6756628895832111 -0.2224758666531231
 -0.7526476157055899 0.755663034135487 -0.3207249318373305
 -0.2274720569677552 0.5723942393218923 -0.2195696004608484
 -0.7109532862752717 0.7421070175120661 -0.2396726622259083
 -0.3174455055181605 0.5916598437731226 -0.2529104293492917
 0.967588748273991 0.04099822411138584 0.09350444895041488
 0.7356062964675673 -0.06908461514608233 0.2262275991165881
 -0.003247004188455228 -0.004405243898968889 0.9031957241570767
 -0.08707021344039345 -0.02386134705898259 0.6278738204332966
 -0.3676999309534048 0.370637379131293 0.3831022432944953
 -0.7664921383523121 0.768158314336793 -0.2582590919623325
 -0.4605448530037795 0.5210530112032052 0.07321653276546318
 -0.2087860818047992 0.2014665957082016 0.6550197297460564
 -0.5472802592939235 0.5524707541734809 0.09008280854332104
 -0.02974168808094425 0.02191314090144976 0.9469337731712185
 -0.451890188188413 0.4748843751993156 0.203990456345368
 0.1340550253361592 -0.001077365301209086 0.8484676865371796
 0.0135521048188173 0.1374001405703345 0.6511249175097463
 0.1576036982372186 0.3093186772456388 -0.307422857284899
 0.04556142294760099 0.1148214614943203 -0.3087798189359292
 0.4150543766074086 -0.04495912793035542 -0.3048159683363167
 -0.5552678852397763 0.6232811599300515 -0.1185263417895638
 -0.6995065818786929 0.7049488213582343 -0.2605476469414644
 -0.7633634808034565 0.7759055446322162 -0.2824257829845682
 -0.6376966916750451 0.6673035651565441 -0.1599557988210369
 -0.3469527825943616 0.4708594619836066 0.07584070605190633
 0.7490789588600467 0.08971823933191389 0.1533288588837564
 0.2951803848017644 -0.2273380800165929 -0.09405337871863029
 -0.2890744209508401 0.4632408736801694 0.0261004371524749
 -0.03710709462766343 0.4866225309102368 -0.3063007818488426
 -0.5850701180760116 0.715518768033309 -0.3201257114427719
 -0.670200055043468 0.7286715893391053 -0.2378365868627214
 -0.7691840490319859 0.7892754266802608 -0.3053476594900015
 -0.3214262052670296 0.3851602115439244 0.1744420981162656
 -0.8050687931347122 0.8015169829594424 -0.3148827460750583
 -0.7800676304372693 0.787285265738673 -0.29301779790559
 -0.1184888686348797 0.4683072925272849 -0.05489830683946503
 -0.6905226292710785 0.7324725683219588 -0.3325435510105045
 -0.1922481297664275 0.1092961363939073 0.6024742594446499
 -0.5626764084657635 0.4334946421270617 0.04841855683470559
 0.1725901030615891 0.009370180665283435 0.7277826551800928
 -0.5037339470284956 0.3337790334570266 0.1525671413041541
 -0.4523004830715638 0.319877657584472 0.04474357269198606
 -0.4006676145024939 0.3535832452000301 0.3329860427520833
 -0.4070826676288277 0.3760254631048217 0.3098786861452246
 -0.7981829768455345 0.8019916799125775 -0.3142497762351515
 -0.1619786897718755 0.3112905117935889 0.3649900097736714
 0.1156094268091014 -0.009201117510290666 0.8735974893726626
 -0.4361840526980238 0.3743475892935549 0.2634972819314189
 -0.6147476015376889 0.5885628166724103 -0.0643407031375885
 -0.2353881744239036 0.2507979389701435 0.5363726085748891
 -0.7301273042031882 0.6918493851154294 -0.1944959347606506
 -0.04414170506991527 0.02454854265398806 0.8861014884464578
 -0.6902542341096891 0.6468257616888687 -0.3264391673280019
 -0.1297487043986281 -0.02779525584255085 0.2090763611861902
 -0.7393341906702748 0.6649907117276915 -0.3329245468438249
 -0.6612726197420216 0.5819358559461197 -0.1899952527188198
 -0.6263811182342542 0.4164830309536986 -0.1870225342029213
 -0.5098516225285787 0.4820267847869532 0.06465896254776643
 -0.5050056293396831 0.51834191044662 0.1168692591180879
 -0.7565602622880371 0.748405772354656 -0.2842603467999068
 -0.361485955730604 0.432041911321979 0.2305092746143647
 -0.6150012064254009 0.660447751242323 -0.1242238497601021
 0.8076769059094175 -0.2345566905398138 -0.3146634661180012
 0.2249193945552784 -0.2350721523915441 -0.1186612663278556
 -0.1991371105477306 0.3448800160555448 0.2996871881900475
 0.05662501858009167 0.08741095752671624 0.4807359357939888
 -0.0191604206719059 0.1239651249013957 0.6174514524950149
 -0.786295378696456 0.794471146686238 -0.3333277992511695
 -0.2775932182599333 0.1735689766725845 0.3967160848079068
 -0.5785580405335569 -0.07345645435390702 -0.21121914520526
 -0.4882739914208664 0.6171795383846523 -0.3081891937210592
 0.8839067350788415 -0.02420552078702411 0.004005315912629343
 -0.3223942166378662 0.4235674442705029 -0.05110927414977914
 0.5503649277120308 0.1124048082261082 0.1119833885716567
 0.07187920171008481 0.2631810865281372 0.2591658270279091
 -0.1301063295466499 0.2414964683050064 0.5137155060776555
 0.6570240723713447 -0.006999351602658094 0.4258886704121625
 -0.06768767089107651 0.2317060716095011 0.4702056053987009
 0.1175428341905261 -0.01247017979258596 0.8190441767609746
 -0.7371823386798043 0.7545938668585959 -0.246537250584304
 -0.7449210489548399 0.7457560798121752 -0.2389160888392855
 -0.7289715875584974 0.711026987084058 -0.3285231982283504
 -0.7090948464887625 0.7004341067209437 -0.2342899879173267
 -0.793035348083623 0.6759094637468281 -0.297051854672066
 -0.8076800405081863 0.7600416602536727 -0.3331438945146974
 -0.512479533698349 0.4339335249503351 0.1513790245212339
 0.1060065191815999 -0.00562286801332524 0.7637198045892525
 -0.1351239693126361 0.2506548997782482 0.4752611578582878
 -0.3360190742681862 0.4983245682394647 0.03638687215479309
 0.1496709469441197 -0.01072960466445019 0.8448306676235177
 0.09500140064186431 0.05942558125558321 0.7257670695192384
 -0.2959853711461014 0.3119788928006365 0.4007015080146803
 -0.441676464670814 0.3572002409529294 0.2422741115002089
 -0.02237754698016802 -0.004698385860252691 0.9509067981649125
 -0.2764747417938029 0.218125420502964 0.5454822511990914
 -0.6535926464350474 0.7158200451894593 -0.3311691863003833
 -0.08281840811131032 0.2390313668520893 0.4231928190361983
 -0.6337889749346185 0.7011563071020275 -0.2406901111904438
 -0.6020064673324503 0.6711769658028207 -0.1642189290992162
 -0.5370558177561253 0.6182670529605733 -0.09381504969256035
 -0.5048859552533601 0.5705849817947497 -0.009826509314194362
 -0.7614805489735366 0.7614334986013793 -0.24450174035685
 -0.7098082036871637 0.6920084343064735 -0.1618201498646721
 -0.6878391154127932 0.7725505694424492 -0.3333301576394591
 -0.1825207905989602 0.1114884877943216 0.6777986942694489
 -0.04373483296310079 0.03356592468944782 0.794087081772532
 0.03761037907652746 0.0001593410066006969 0.9685224731528997
 -0.5279871529000532 0.5379182110189509 0.1115004503448531
 -0.6865325710000577 0.6908185952617213 -0.1324793733627984
 -0.4661626266110879 0.6634023655668697 -0.2997953883646103
 -0.6839045917859433 0.7532391845658182 -0.3141954864812739
 -0.501516173049916 0.6626932614081079 -0.2252806602084145
 -0.3153092056328621 0.5507569250073913 -0.09173686071421142
 0.5722084877020857 0.03053176350561564 0.3565611999427948
 -0.2083388710352113 0.4215045050992992 0.1112398961197743
 0.05568422618658342 0.01319547259845488 0.9220014124091969
 -0.3365306477361891 0.5077751802550916 -0.05748348455330496
 -0.1416701430266072 0.2628581191012115 0.4716145416956388
 -0.6026507425901142 0.7399848719204745 -0.3282198861212421
 0.08867831843854998 0.4722777827283842 -0.2711216743916639
 -0.6360289935310979 0.6418158478407126 -0.2538451779307049
 0.5686692326544514 0.09229072174306308 0.1380088287280059
 -0.3052480803161434 0.4103790009245636 -0.1723657003457568
 1.242385333923946 0.04688916046675303 -0.2823144737386697
 -0.5838025721568884 0.6234635941997089 -0.1979965150649369
 -0.8155210047013942 0.5449099228330018 -0.3330094231423916
 -0.4109779128207725 0.4538363514810445 0.163930734811175
 -0.4333200731506618 0.6660526578047241 -0.303498595883627
 -0.2823092385058815 0.334273780696794 0.2736500547534479
 -0.3524178732837977 0.566982706818039 -0.3326653110511369
 -0.6687790535889151 0.4690804692297795 -0.09872553846858502
 -0.4745748078072678 0.3229246044948187 -0.1008779496083265
 -0.08798095948862096 0.05684450816785172 0.7470430798459751
 0.05236929820179279 -0.01449088568898366 0.9179311858691439
 0.3040814175578976 0.004098753945429794 0.7402756993100114
 -0.04194921293824279 0.09507857624474128 0.7795121802004352
 -0.6041337779603588 0.7008861461990269 -0.258384999284522
 -0.1652259233159624 0.2088648123835488 0.6131204182679301
 -0.05813774474140336 0.06034443286297488 0.89055988308403
 0.002185215777662912 0.1398538097704279 0.6171061281084321
 0.723297489445644 -0.03921019506341231 0.09039460960025369
 -0.004873955658636545 0.529834823437161 -0.2984796782553863
 -0.09181447715729758 0.1365977713714167 0.7338066891425199
 -0.1748341588070481 0.2719649622253197 0.3853156933641492
 0.007943822212523776 0.03576311488351433 0.7573270904121362
 1.325190427216768 -0.01503671818592504 -0.2688452663907906
 0.9401434414157692 0.04019372457290862 -0.1786504129415989
 1.33716487589069 -0.02003823679144051 -0.2381654764247499
 -0.3094203802608257 0.4781800262505826 -0.1945898147968332
 1.180588856742137 0.002361927709486816 -0.1674452666490725
 -0.4391600693973017 0.567398207900955 -0.07019757375448543
 0.8490280737155864 0.1432129689567605 -0.2938813204274742
 -0.5098596696495915 0.5225887310569157 0.1358660300572217
 0.1936930751002458 -0.03285811774562229 0.6986787266116875
 -0.3116363014137211 0.5277674253930926 -0.04521686741571013
 0.06481783354082769 0.03980681321334033 0.430846872444639
 -0.6880532590196281 0.6762879152095893 -0.1737530554136536
 -0.4526329023145784 0.4419965519138495 0.2319606242223293
 -0.3986454906071918 0.3982303641365351 0.3489962353446799
 -0.7204092918413402 0.7434680028572129 -0.2361611479757144
 -0.563992796806718 0.5965326495823051 -0.06037572476617765
 -0.4319807837525756 0.4314697883726069 0.292584657660354
 -0.1477648136798618 0.1461288127195697 0.7585550522560671
 -0.1752455359540926 0.2957609023054631 0.2970419231935629
 -0.3130040687524027 0.3657388271297932 0.01115354683895299
 0.3471833000550113 -0.07692314604694254 0.5273643058415053
 -0.5536800876986417 0.5454976233484156 0.06021244738313639
 -0.4075360481354398 0.3786097179653896 0.06342588116378275
 -0.3068841825443244 0.2097102571933877 0.4868486391166478
 -0.2083252774644384 0.4470239297640589 -0.1470440986144202
 0.3661997854512967 0.1819448870942788 -0.1086385841096416
 0.7978110529022955 0.256491223581543 -0.3260448581085969
 0.3898527736926165 0.04763169498123977 0.5154365852937006
 0.7962615617008261 0.02791681649020357 0.1798344930369661
 -0.02430836419056521 0.06257719950316787 0.6601608741842464
 0.2388556207252046 0.04038801549547776 0.6879923619152092
 -0.7959736366983237 0.6847986984172122 -0.3316935544663223
 -0.5816408694701618 0.5856372940130868 0.01920853127895273
 -0.550978120250872 0.5355589631466229 0.08779200048573652
 -0.2528374005898969 0.5695299282976343 -0.2366881821595976
 -0.5836600105521457 0.4620364222849003 0.04094029992794114
 -0.02492964679077629 0.03423135939450033 0.9350470576558771
 -0.164764414675642 0.1952041252534728 0.5897819040949317
 -0.4281366966621901 0.5129129422375526 0.01064966230370514
 -0.5246653385916614 0.5193199976276068 0.1316544306946446
 0.01132886344667349 0.04780737314129766 0.867082102916507
 -0.08358090441020581 0.1277621147506121 0.6900495290275834
 0.05288430665903555 0.03225089444793942 0.8663619278687406
 0.1954447033554501 0.1293974493236161 0.4285969537952947
 -0.4299061033954376 0.6459601677512702 -0.2620567664594014
 -0.704849789915319 0.7702030122774423 -0.3142719443092143
 -0.6637781524191824 0.7414784078228231 -0.3151132503284067
 -0.4002784138659585 0.5106175081942496 0.0635120235954294
 -0.422891326266973 0.5715798195744629 -0.05528811053816265
 -0.05152266394846423 0.05974982190813639 0.8684293553544785
 -0.09750875944724809 0.09512941671455798 0.8126925843613447
 0.1309660966647247 0.1333544708636798 0.5659429387778354
 -0.1959861587205553 0.2012950271024794 0.6474296941294689
 -0.1403969779569245 0.1401021689145055 0.7622439629311856
 0.09903426700833212 0.001351896158140205 0.913307383120171
 -0.1095520245943706 0.1096805768094946 0.8206347329916223
 -0.01330067324117525 0.02024146131055361 0.8968028352003991
 -0.3395399987625362 0.3815338843414529 0.2806410259542118
 0.1681031295990669 -0.04522663912688167 0.4879379038417869
 -0.7314028147642289 0.4331696862486395 -0.3074202966773704
 1.169121834497682 -0.1092507371945679 -0.2380226832751245
 -0.455410614676718 0.4078589663988197 0.1555813829647462
 -0.5671773039763156 0.6533919811979126 -0.1654236369952952
 -0.807490031444967 0.8089872158453537 -0.3247186442219604
 -0.7854416797609679 0.7988386413188264 -0.324217855577657
 -0.5565549179549177 0.4470092692203993 0.08737594987802316
 -0.6132878581932663 0.6039114443401665 -0.01386758699994687
 -0.7292079066178779 0.7220448563405347 -0.1978294682110084
 -0.7714282832571359 0.7531600327162489 -0.3278776173979502
 -0.7929839563676828 0.7796496845682607 -0.317571529229052
 0.000658253020093702 -0.06608813802092532 0.4087203577251523
 -0.6954632147154451 0.6638475376163631 -0.1892590498623453
 0.3997895166618249 0.08557514352256407 0.3639604776365412
 -0.5912328715900982 0.4643472781438214 0.02191169717247262
 -0.07719125414404764 0.1247858616214656 0.7391247554498683
 -0.09465666814558937 0.09418186215115514 0.8452952999453909
 -0.3513544042380946 0.4241716109584467 0.233795232852174
 -0.8054079470319155 0.8003219305988606 -0.3217612167123068
 -0.7406815440860742 0.7248134834333513 -0.2527983858346624
 -0.7667584421524735 0.7456702363538188 -0.2564231870513711
 -0.4906109689302787 0.4877303576585274 0.1779651430643016
 -0.4684017341203889 0.4715088766352836 0.2152613998538396
 -0.623298005502298 0.6932250141393346 -0.1900052583135825
 -0.6603079321943133 0.5641949629403423 -0.08000168255534265
 -0.8115146387849216 0.8028006627062898 -0.3263725704296002
 -0.8052157797715567 0.7863984566497025 -0.3227366413848229
 -0.6162376179453323 0.4627673753312086 -0.03756694302323659
 -0.7232623850874144 0.7164022465881357 -0.2273179535766873
 -0.5421138131469648 0.5321690659545371 -0.06693834976773522
 -0.7966980616314785 0.7969070751141837 -0.3062535265229778
 -0.6492164127820265 0.6262556201106906 -0.06743144191093089
 -0.7308262997963872 0.1148243585153378 -0.2037375317046246
 -0.2895551458169658 0.2703470137553146 0.3812665743022646
 -0.1406685891341963 0.08609941402961838 0.7702311156325162
 -0.3947694186891234 0.3462165556220211 0.3406920925851564
 -0.7264873447159813 0.7278616214483351 -0.2616789265264011
 -0.6488747953414883 0.6774902511551177 -0.1514477613442825
 -0.6325849091137362 0.6525998685549596 -0.0835256458311372
 0.2213950968873168 0.04895527405881826 0.6942496117707657
 -0.7237410469241804 0.7240595769460738 -0.1827669536701519
 -0.1318065283901901 0.1203118178266661 0.7792676224293814
 -0.09983779327841795 0.1092155011801013 0.8137131431348661
 -0.3278979839541902 0.2890665201624312 0.4457215170262732
 -0.7188759638396038 0.775624572522006 -0.316435332955519
 -0.7122428531734227 0.6981559328466741 -0.1630918307498233
 -0.5815391539383642 0.5553258466259277 0.04313924254622886
 -0.7736711094418878 0.7681402843642564 -0.3003776755299288
 -0.5793062037573573 0.6505571688490283 -0.2086891516790878
 0.1728218535597185 0.09041673133256795 0.4441717413405354
 -0.1923790181767286 0.2404437758791166 0.5680160598360706
 -0.7302209054821523 0.7463997575763384 -0.2473766460471713
 -0.2861735971187715 0.3120992000068007 0.4623651879303931
 -0.4229933543544128 0.4563288943791123 0.2209362196404561
 -0.6076470707069396 0.5907752700336075 0.003754458173419319
 -0.4223999033604601 0.4178657195037281 0.299833010224285
 -0.5138788120329756 0.5171682835463732 0.1494498509815582
 -0.7337257458209512 0.7834176092051622 -0.3317182270423051
 -0.2369029149723348 0.2725906408819612 0.5142135145672239
 -0.3973062676834934 0.39969908329196 0.241870442147516
 -0.2631493282709985 0.1016005007568185 0.5453178940120411
 -0.2106166471218575 -0.183603728515494 0.6308540972270782
 -0.3223944630125329 0.3088780052389797 0.4485643606629659
 -0.5105461900686395 0.514461311039377 0.1541941056418828
 -0.1825145044772859 0.1807194331107886 0.6927401006411941
 -0.2382687058971156 0.286431224739548 0.4767282733691798
 -0.0487191167929381 0.04984244249123933 0.9027153950656626
 -0.01518436070374001 0.03278083171604844 0.9311400436002574
 -0.0780478196247828 0.1135189427533899 0.7821040677627562
 -0.3018054400497062 0.2935114777367825 0.392669111493936
 -0.5608401003485444 0.5121149676277921 0.01202951697649382
 -0.3640954033504997 0.2165751325353901 0.3731446889462459
 -0.6948110003341252 0.5998442000618889 -0.2962315280895418
 -0.2144349027985322 0.1964405735715941 0.4374261200201415
 -0.4466310510041732 0.235169824750116 -0.141780994242922
 -0.4909326647338533 0.4997270038919563 0.0826547150414198
 -0.1320864109827435 0.3233037603937723 0.2056141193400558
 -0.6536035960439229 0.693681522091206 -0.1878943362735497
 -0.6402676382106259 0.4034437478355465 -0.2876511914842808
 -0.2292029042885843 -0.06777260691484568 0.05668658631283974
 -0.2120234222475084 -0.06891841636011121 0.5095854365658576
 -0.5970211063968988 -0.1954964588084528 0.02275758761936186
 -0.5300382957850799 0.3416261871992403 0.004793552715527186
 -0.5540592800189343 0.3888578442884896 0.09437908864293082
 -0.603191976307442 0.515756603417681 -0.1894515689517093
 -0.6131005698843593 0.3053781725032513 -0.00467586385362255
 -0.42345408505691 -0.005390054764925656 0.2828756591760727
 -0.1129971906421516 0.00905462004414069 0.6954984404801975
 0.1448882485495158 -0.1669519394216789 0.3994071890761722
 -0.2724014375150217 0.4229531817004204 -0.1086246003940779
 -0.5093551598346563 0.6302885365827841 -0.1754913055864461
 1.095102434848065 0.1058682161836004 -0.2799674387518383
 -0.08719942517653873 0.3028076160584631 -0.0174115375911318
 -0.6487022522593756 0.4897127506010128 -0.3189588081862329
 -0.7583152445006215 0.7312753253638068 -0.3270228772989913
 -0.4544741785638329 0.1117895054714034 0.1585999946456279
 0.01065420164319048 -0.01065420164319048 -0.3241353955769121


